3.000000000000000000e+00,0.000000000000000000e+00,9.384536780552572566e+00,0.000000000000000000e+00,0.000000000000000000e+00,0.000000000000000000e+00,0.000000000000000000e+00,-9.384536780552572566e+00,0.000000000000000000e+00,0.000000000000000000e+00,0.000000000000000000e+00,9.384536780552572566e+00,0.000000000000000000e+00,0.000000000000000000e+00,6.000000000000000000e+00,1.846110971210493723e+00,0.000000000000000000e+00,0.000000000000000000e+00
3.000000000000000000e+00,0.000000000000000000e+00,9.384536780552572566e+00,0.000000000000000000e+00,0.000000000000000000e+00,0.000000000000000000e+00,0.000000000000000000e+00,-9.384536780552572566e+00,0.000000000000000000e+00,0.000000000000000000e+00,0.000000000000000000e+00,9.384536780552572566e+00,0.000000000000000000e+00,0.000000000000000000e+00,6.000000000000000000e+00,1.846110971210493723e+00,0.000000000000000000e+00,0.000000000000000000e+00
3.000000000000000000e+00,0.000000000000000000e+00,9.384536780552572566e+00,0.000000000000000000e+00,0.000000000000000000e+00,0.000000000000000000e+00,0.000000000000000000e+00,-9.384536780552572566e+00,0.000000000000000000e+00,0.000000000000000000e+00,0.000000000000000000e+00,9.384536780552572566e+00,0.000000000000000000e+00,0.000000000000000000e+00,6.000000000000000000e+00,1.846110971210493723e+00,0.000000000000000000e+00,0.000000000000000000e+00
3.000000000000000000e+00,0.000000000000000000e+00,9.384536780552572566e+00,0.000000000000000000e+00,0.000000000000000000e+00,0.000000000000000000e+00,0.000000000000000000e+00,-9.384536780552572566e+00,0.000000000000000000e+00,0.000000000000000000e+00,0.000000000000000000e+00,9.384536780552572566e+00,0.000000000000000000e+00,0.000000000000000000e+00,6.000000000000000000e+00,1.846110971210493723e+00,0.000000000000000000e+00,0.000000000000000000e+00
3.000000000000000000e+00,0.000000000000000000e+00,9.384536780552572566e+00,0.000000000000000000e+00,0.000000000000000000e+00,0.000000000000000000e+00,0.000000000000000000e+00,-9.384536780552572566e+00,0.000000000000000000e+00,0.000000000000000000e+00,0.000000000000000000e+00,9.384536780552572566e+00,0.000000000000000000e+00,0.000000000000000000e+00,6.000000000000000000e+00,1.846110971210493723e+00,0.000000000000000000e+00,0.000000000000000000e+00
3.000000000000000000e+00,0.000000000000000000e+00,9.384536780552572566e+00,0.000000000000000000e+00,0.000000000000000000e+00,0.000000000000000000e+00,0.000000000000000000e+00,-9.384536780552572566e+00,0.000000000000000000e+00,0.000000000000000000e+00,0.000000000000000000e+00,9.384536780552572566e+00,0.000000000000000000e+00,0.000000000000000000e+00,6.000000000000000000e+00,1.846110971210493723e+00,0.000000000000000000e+00,0.000000000000000000e+00
3.000000000000000000e+00,0.000000000000000000e+00,9.384536780552572566e+00,0.000000000000000000e+00,0.000000000000000000e+00,0.000000000000000000e+00,0.000000000000000000e+00,-9.384536780552572566e+00,0.000000000000000000e+00,0.000000000000000000e+00,0.000000000000000000e+00,9.384536780552572566e+00,0.000000000000000000e+00,0.000000000000000000e+00,6.000000000000000000e+00,1.846110971210493723e+00,0.000000000000000000e+00,0.000000000000000000e+00
3.000000000000000000e+00,0.000000000000000000e+00,1.238453678055257079e+01,0.000000000000000000e+00,0.000000000000000000e+00,0.000000000000000000e+00,0.000000000000000000e+00,-1.238453678055257079e+01,0.000000000000000000e+00,0.000000000000000000e+00,0.000000000000000000e+00,1.238453678055257079e+01,0.000000000000000000e+00,0.000000000000000000e+00,9.000000000000000000e+00,3.384536780552571678e+00,7.825008098242140164e+00,0.000000000000000000e+00
3.000000000000000000e+00,0.000000000000000000e+00,1.553654632194474416e+01,1.481754264737409166e+01,0.000000000000000000e+00,7.049715684172728203e-01,0.000000000000000000e+00,-1.403210615337968648e-02,1.552251421579136448e+01,3.586996198657241841e+00,1.058333333333333393e+01,4.953212988611409351e+00,0.000000000000000000e+00,0.000000000000000000e+00,9.000000000000000000e+00,6.536546321944742388e+00,1.118553381295356863e-01,0.000000000000000000e+00
3.000000000000000000e+00,7.049715684172728203e-01,1.553654632194474416e+01,1.079850032261479598e+01,0.000000000000000000e+00,4.089304686674076095e+00,0.000000000000000000e+00,-1.353712881073144914e+00,1.418283344087159925e+01,3.291272511998940331e+00,1.058333333333333393e+01,4.953212988611409351e+00,0.000000000000000000e+00,0.000000000000000000e+00,9.000000000000000000e+00,3.565388902878950717e+00,0.000000000000000000e+00,0.000000000000000000e+00
3.000000000000000000e+00,4.089304686674076095e+00,1.549115363915345966e+01,2.314598452071301438e+01,0.000000000000000000e+00,2.769759450643176635e+00,0.000000000000000000e+00,6.335285645528657028e+00,2.182643928468211669e+01,4.632935617765432390e+00,1.411111111111111072e+01,1.380042528042348948e+00,0.000000000000000000e+00,0.000000000000000000e+00,9.000000000000000000e+00,6.491153639153459665e+00,1.110785649480805909e-01,0.000000000000000000e+00
3.000000000000000000e+00,2.769759450643176635e+00,1.549115363915345966e+01,6.566123640089742253e+00,0.000000000000000000e+00,1.920121468361125849e+00,0.000000000000000000e+00,-9.774667981345768197e+00,5.716485657807691467e+00,1.164015917765036656e+00,3.527777777777777679e+00,1.196337586137568287e+01,0.000000000000000000e+00,0.000000000000000000e+00,9.000000000000000000e+00,3.540629257720068868e+00,0.000000000000000000e+00,0.000000000000000000e+00
3.000000000000000000e+00,1.920121468361125849e+00,1.544607618332600651e+01,1.051904653779763521e+01,0.000000000000000000e+00,1.990904431627029680e-01,0.000000000000000000e+00,-6.648060670726794186e+00,8.798015512599212329e+00,1.347520074668721035e+00,5.291666666666666963e+00,1.015440951665933866e+01,0.000000000000000000e+00,0.000000000000000000e+00,9.000000000000000000e+00,3.516041554541457170e+00,0.000000000000000000e+00,0.000000000000000000e+00
3.000000000000000000e+00,1.990904431627029680e-01,1.340131176538624302e+01,1.917039281778742499e+00,0.000000000000000000e+00,6.849531441990968084e-01,0.000000000000000000e+00,-1.099840978257110713e+01,2.402901982815135895e+00,2.685810979617897498e-01,1.763888888888888840e+00,1.163742287649735374e+01,0.000000000000000000e+00,0.000000000000000000e+00,7.000000000000000000e+00,3.491624599301585974e+00,0.000000000000000000e+00,0.000000000000000000e+00
3.000000000000000000e+00,6.849531441990968084e-01,1.335685821145994723e+01,7.596708945157706339e-01,0.000000000000000000e+00,1.785058811885830155e-01,0.000000000000000000e+00,-1.310363457995469005e+01,2.532236315052571740e-01,0.000000000000000000e+00,0.000000000000000000e+00,1.335685821145994723e+01,0.000000000000000000e+00,0.000000000000000000e+00,7.000000000000000000e+00,3.467377206250880306e+00,0.000000000000000000e+00,0.000000000000000000e+00
3.000000000000000000e+00,1.785058811885830155e-01,1.331271336276925510e+01,1.759270479740326354e-01,0.000000000000000000e+00,6.122118253922792519e-02,0.000000000000000000e+00,-1.325407101344457672e+01,5.864234932467837780e-02,0.000000000000000000e+00,0.000000000000000000e+00,1.331271336276925510e+01,0.000000000000000000e+00,0.000000000000000000e+00,7.000000000000000000e+00,3.443298197874138378e+00,0.000000000000000000e+00,0.000000000000000000e+00
3.000000000000000000e+00,6.122118253922792519e-02,1.326887507552780221e+01,1.179699984583061401e+01,0.000000000000000000e+00,1.015999063096596267e+00,0.000000000000000000e+00,-5.170973491398207500e-01,1.275177772638798146e+01,2.991182919868427881e+00,8.819444444444444642e+00,4.449430631083356680e+00,0.000000000000000000e+00,0.000000000000000000e+00,7.000000000000000000e+00,3.419386404833346216e+00,0.000000000000000000e+00,0.000000000000000000e+00
3.000000000000000000e+00,1.015999063096596267e+00,1.322534122083663632e+01,6.688590833296006899e+00,0.000000000000000000e+00,3.612494063121479471e+00,0.000000000000000000e+00,-3.940255387515747110e+00,9.285085833320888327e+00,2.245216057321912650e+00,7.055555555555555358e+00,6.169785665281080966e+00,0.000000000000000000e+00,0.000000000000000000e+00,7.000000000000000000e+00,3.395640665910892420e+00,0.000000000000000000e+00,0.000000000000000000e+00
3.000000000000000000e+00,3.612494063121479471e+00,1.318210968458082455e+01,2.313687633411309719e+01,0.000000000000000000e+00,5.351320626016349280e-01,0.000000000000000000e+00,6.877404649012426319e+00,2.005951433359324909e+01,4.155690111913220797e+00,1.234722222222222143e+01,8.348874623586037824e-01,0.000000000000000000e+00,0.000000000000000000e+00,7.000000000000000000e+00,3.372059827953177713e+00,0.000000000000000000e+00,0.000000000000000000e+00
3.000000000000000000e+00,5.351320626016349280e-01,1.313917836732679234e+01,1.775326669051803563e+01,0.000000000000000000e+00,1.046843157811832015e+00,0.000000000000000000e+00,5.125799418401440377e+00,1.826497778572823449e+01,3.715050116382193401e+00,1.234722222222222143e+01,7.919561451045700196e-01,0.000000000000000000e+00,0.000000000000000000e+00,7.000000000000000000e+00,6.139178367326792340e+00,1.050554586922231581e-01,0.000000000000000000e+00
3.000000000000000000e+00,1.046843157811832015e+00,1.313917836732679234e+01,1.436339830563825970e+00,0.000000000000000000e+00,8.928327076928144201e-02,0.000000000000000000e+00,-1.266039842380551761e+01,4.787799435212747312e-01,0.000000000000000000e+00,0.000000000000000000e+00,1.313917836732679234e+01,0.000000000000000000e+00,0.000000000000000000e+00,7.000000000000000000e+00,6.139178367326792340e+00,4.054472724323041066e-01,0.000000000000000000e+00
3.000000000000000000e+00,8.928327076928144201e-02,1.326108216326732148e+01,1.191865088581198356e-01,0.000000000000000000e+00,9.825598197201551587e-03,0.000000000000000000e+00,-1.322135332698128174e+01,3.972883628603973705e-02,0.000000000000000000e+00,0.000000000000000000e+00,1.326108216326732148e+01,0.000000000000000000e+00,0.000000000000000000e+00,7.000000000000000000e+00,6.261082163267319700e+00,1.071415129543070582e-01,0.000000000000000000e+00
3.000000000000000000e+00,9.825598197201551587e-03,1.326108216326732148e+01,9.140882566230017214e-03,0.000000000000000000e+00,3.731676486381539821e-03,0.000000000000000000e+00,-1.325803520241191080e+01,3.046960855410674185e-03,0.000000000000000000e+00,0.000000000000000000e+00,1.326108216326732148e+01,0.000000000000000000e+00,0.000000000000000000e+00,7.000000000000000000e+00,6.261082163267319700e+00,1.959455272756770228e+00,0.000000000000000000e+00
3.000000000000000000e+00,3.731676486381539821e-03,1.401278067256215643e+01,5.118501766998059810e-03,0.000000000000000000e+00,3.193419750495002374e-04,0.000000000000000000e+00,-1.401107450530649068e+01,1.706167255665747007e-03,0.000000000000000000e+00,0.000000000000000000e+00,1.401278067256215643e+01,0.000000000000000000e+00,0.000000000000000000e+00,7.000000000000000000e+00,7.012780672562156425e+00,1.817126368149158511e+00,0.000000000000000000e+00
3.000000000000000000e+00,3.193419750495002374e-04,1.470149971052156168e+01,3.004448175109826003e-04,0.000000000000000000e+00,1.190454300421784858e-04,0.000000000000000000e+00,-1.470139956224905831e+01,1.001482725033753240e-04,0.000000000000000000e+00,0.000000000000000000e+00,1.470149971052156168e+01,0.000000000000000000e+00,0.000000000000000000e+00,7.000000000000000000e+00,7.701499710521561681e+00,1.317903693779090557e-01,0.000000000000000000e+00
3.000000000000000000e+00,1.190454300421784858e-04,1.770149971052155990e+01,1.145368598457395315e+01,0.000000000000000000e+00,2.947661722380740201e+00,0.000000000000000000e+00,-3.300271048996908707e+00,1.440122866152465164e+01,3.190443174531504056e+00,1.058333333333333393e+01,7.118166377188227756e+00,0.000000000000000000e+00,0.000000000000000000e+00,1.000000000000000000e+01,7.701499710521561681e+00,1.317903693779090557e-01,0.000000000000000000e+00
3.000000000000000000e+00,2.947661722380740201e+00,1.770149971052155990e+01,2.360955729096191291e+01,0.000000000000000000e+00,3.082956861739464927e+00,0.000000000000000000e+00,6.043352719799077732e+00,2.374485243032063764e+01,4.892728297069557364e+00,1.587500000000000000e+01,1.826499710521561459e+00,0.000000000000000000e+00,0.000000000000000000e+00,1.000000000000000000e+01,7.701499710521561681e+00,1.317903693779090557e-01,0.000000000000000000e+00
3.000000000000000000e+00,3.082956861739464927e+00,1.770149971052155990e+01,1.105835510615430017e+01,0.000000000000000000e+00,2.766275679858820169e+00,0.000000000000000000e+00,-6.959825786247904489e+00,1.074167392427365542e+01,2.077596022063508130e+00,7.055555555555555358e+00,1.064594415496600632e+01,0.000000000000000000e+00,0.000000000000000000e+00,1.000000000000000000e+01,4.200818023920851907e+00,0.000000000000000000e+00,0.000000000000000000e+00
3.000000000000000000e+00,2.766275679858820169e+00,1.764801707364294003e+01,4.135097191925533266e+00,0.000000000000000000e+00,9.544218575131324656e-03,0.000000000000000000e+00,-1.626965134300109384e+01,1.378365730641846199e+00,0.000000000000000000e+00,0.000000000000000000e+00,1.764801707364294003e+01,0.000000000000000000e+00,0.000000000000000000e+00,1.000000000000000000e+01,4.171645676532512503e+00,0.000000000000000000e+00,0.000000000000000000e+00
3.000000000000000000e+00,9.544218575131324656e-03,1.759490584396486312e+01,4.825310134993040734e+00,0.000000000000000000e+00,3.204485730242150332e-01,0.000000000000000000e+00,-1.245869135452273824e+01,5.136214489442124886e+00,7.650475867649242367e-01,3.527777777777777679e+00,1.406712806618708456e+01,0.000000000000000000e+00,0.000000000000000000e+00,1.000000000000000000e+01,4.142675914889925259e+00,0.000000000000000000e+00,0.000000000000000000e+00
3.000000000000000000e+00,3.204485730242150332e-01,1.754216344227066315e+01,1.319400056963726442e+01,0.000000000000000000e+00,3.438926377104838394e-01,0.000000000000000000e+00,-4.324718807947130372e+00,1.321744463432353278e+01,2.894697938881816146e+00,8.819444444444444642e+00,8.722718997826218512e+00,0.000000000000000000e+00,0.000000000000000000e+00,1.000000000000000000e+01,4.113907332147634044e+00,0.000000000000000000e+00,0.000000000000000000e+00
3.000000000000000000e+00,3.438926377104838394e-01,1.548978730725489505e+01,7.480933642944327389e+00,0.000000000000000000e+00,2.412159097969820643e+00,0.000000000000000000e+00,-5.940587204051229975e+00,9.549200103203665080e+00,2.179162908073913663e+00,7.055555555555555358e+00,8.434231751699339696e+00,0.000000000000000000e+00,0.000000000000000000e+00,8.000000000000000000e+00,4.085338531229942838e+00,0.000000000000000000e+00,0.000000000000000000e+00
3.000000000000000000e+00,2.412159097969820643e+00,1.543777489539895598e+01,3.069987061226133296e+00,0.000000000000000000e+00,3.655010571523984453e-01,0.000000000000000000e+00,-1.441444587499024621e+01,1.023329020408709766e+00,0.000000000000000000e+00,0.000000000000000000e+00,1.543777489539895598e+01,0.000000000000000000e+00,0.000000000000000000e+00,8.000000000000000000e+00,4.056968124763067784e+00,0.000000000000000000e+00,0.000000000000000000e+00
3.000000000000000000e+00,3.655010571523984453e-01,1.538612368084757698e+01,1.522623992982861729e+01,0.000000000000000000e+00,7.980077705999875093e-01,0.000000000000000000e+00,2.726229624286276021e-01,1.565874664327620458e+01,3.445953897030774371e+00,1.058333333333333393e+01,4.802790347514243052e+00,0.000000000000000000e+00,0.000000000000000000e+00,8.000000000000000000e+00,4.028794735007768857e+00,0.000000000000000000e+00,0.000000000000000000e+00
3.000000000000000000e+00,7.980077705999875093e-01,1.533483115528613538e+01,6.804283673013050704e-01,0.000000000000000000e+00,3.443888590657841475e-01,0.000000000000000000e+00,-1.510802169951903373e+01,2.268094557671016531e-01,0.000000000000000000e+00,0.000000000000000000e+00,1.533483115528613538e+01,0.000000000000000000e+00,0.000000000000000000e+00,8.000000000000000000e+00,4.000816993792437160e+00,0.000000000000000000e+00,0.000000000000000000e+00
3.000000000000000000e+00,3.443888590657841475e-01,1.528389482781886954e+01,8.833149158040729532e+00,0.000000000000000000e+00,3.275067198149741898e+00,0.000000000000000000e+00,-3.520067330694182317e+00,1.176382749712468723e+01,2.986034334762730502e+00,8.819444444444444642e+00,6.464450383374425790e+00,0.000000000000000000e+00,0.000000000000000000e+00,8.000000000000000000e+00,3.973033542446656075e+00,0.000000000000000000e+00,0.000000000000000000e+00
3.000000000000000000e+00,3.275067198149741898e+00,1.523331222484790715e+01,4.784359342509620028e+00,0.000000000000000000e+00,8.549430314332839842e-02,0.000000000000000000e+00,-1.363852577734470017e+01,1.594786447503206972e+00,0.000000000000000000e+00,0.000000000000000000e+00,1.523331222484790715e+01,0.000000000000000000e+00,0.000000000000000000e+00,8.000000000000000000e+00,7.233312224847905370e+00,1.237786049171833991e-01,0.000000000000000000e+00
3.000000000000000000e+00,8.549430314332839842e-02,1.623331222484790359e+01,1.764935854456962439e+00,0.000000000000000000e+00,6.727592890609088716e-01,0.000000000000000000e+00,-1.388111138447336046e+01,2.352200840374543134e+00,5.380996109446301023e-01,1.763888888888888840e+00,1.446942333595901609e+01,0.000000000000000000e+00,0.000000000000000000e+00,9.000000000000000000e+00,7.233312224847905370e+00,1.237786049171833991e-01,0.000000000000000000e+00
3.000000000000000000e+00,6.727592890609088716e-01,1.623331222484790359e+01,1.938542293109348691e+01,0.000000000000000000e+00,9.636622388747184687e-02,0.000000000000000000e+00,2.575717641072146513e+00,1.880902986592004922e+01,4.067776085314771528e+00,1.234722222222222143e+01,3.886090002625683493e+00,0.000000000000000000e+00,0.000000000000000000e+00,9.000000000000000000e+00,3.945443031735221151e+00,0.000000000000000000e+00,0.000000000000000000e+00
3.000000000000000000e+00,9.636622388747184687e-02,1.618308088995312843e+01,5.745469447664970808e+00,0.000000000000000000e+00,1.557719925444158271e+00,0.000000000000000000e+00,-8.976257740731471202e+00,7.206823149221657232e+00,1.212562899857181353e+00,5.291666666666666963e+00,1.089141422328646058e+01,0.000000000000000000e+00,0.000000000000000000e+00,9.000000000000000000e+00,3.918044121792615631e+00,0.000000000000000000e+00,0.000000000000000000e+00
3.000000000000000000e+00,1.557719925444158271e+00,1.613319838377289983e+01,1.477439568580015461e+00,0.000000000000000000e+00,5.727602130574812600e-01,0.000000000000000000e+00,-1.564071852757956194e+01,4.924798561933378949e-01,0.000000000000000000e+00,0.000000000000000000e+00,1.613319838377289983e+01,0.000000000000000000e+00,0.000000000000000000e+00,9.000000000000000000e+00,3.890835482057944716e+00,0.000000000000000000e+00,0.000000000000000000e+00
3.000000000000000000e+00,5.727602130574812600e-01,1.608366228388558739e+01,1.542148757041776719e+01,0.000000000000000000e+00,8.751018327789701345e-01,0.000000000000000000e+00,-3.598330937463313228e-01,1.572382919013925573e+01,3.565141878108906148e+00,1.058333333333333393e+01,5.500328950552251683e+00,0.000000000000000000e+00,0.000000000000000000e+00,9.000000000000000000e+00,3.863815791210320594e+00,0.000000000000000000e+00,0.000000000000000000e+00
3.000000000000000000e+00,8.751018327789701345e-01,1.603447018469193353e+01,1.250388316732307104e+00,0.000000000000000000e+00,4.150962162409865819e-02,0.000000000000000000e+00,-1.561767407911449723e+01,4.167961055774362933e-01,0.000000000000000000e+00,0.000000000000000000e+00,1.603447018469193353e+01,0.000000000000000000e+00,0.000000000000000000e+00,9.000000000000000000e+00,3.836983737104693315e+00,0.000000000000000000e+00,0.000000000000000000e+00
3.000000000000000000e+00,4.150962162409865819e-02,1.498561969729824206e+01,6.739820363826551031e+00,0.000000000000000000e+00,4.367740490184176316e+00,0.000000000000000000e+00,-3.919568464911612260e+00,1.106605123238663069e+01,2.429528773737015257e+00,8.819444444444444642e+00,6.166175252853797417e+00,0.000000000000000000e+00,0.000000000000000000e+00,8.000000000000000000e+00,3.810338016708131992e+00,0.000000000000000000e+00,0.000000000000000000e+00
3.000000000000000000e+00,4.367740490184176316e+00,1.493710844940033766e+01,6.237023854270921319e+00,0.000000000000000000e+00,2.097245873368951408e-01,0.000000000000000000e+00,-1.285810049797669663e+01,2.079007951423641032e+00,0.000000000000000000e+00,0.000000000000000000e+00,1.493710844940033766e+01,0.000000000000000000e+00,0.000000000000000000e+00,8.000000000000000000e+00,3.783877336036548300e+00,0.000000000000000000e+00,0.000000000000000000e+00
3.000000000000000000e+00,2.097245873368951408e-01,1.488893408516839223e+01,2.856561635562467893e-01,0.000000000000000000e+00,1.928714496606395712e-02,0.000000000000000000e+00,-1.479371536398297593e+01,9.521872118541629959e-02,0.000000000000000000e+00,0.000000000000000000e+00,1.488893408516839223e+01,0.000000000000000000e+00,0.000000000000000000e+00,8.000000000000000000e+00,6.888934085168391341e+00,2.683512298523226258e-01,0.000000000000000000e+00
3.000000000000000000e+00,1.928714496606395712e-02,1.494999548037204917e+01,1.732101683263259292e-02,0.000000000000000000e+00,7.739800410975562414e-03,0.000000000000000000e+00,-1.494422180809450573e+01,5.773672277543440146e-03,0.000000000000000000e+00,0.000000000000000000e+00,1.494999548037204917e+01,0.000000000000000000e+00,0.000000000000000000e+00,8.000000000000000000e+00,6.949995480372049173e+00,1.189304039421954784e-01,0.000000000000000000e+00
3.000000000000000000e+00,7.739800410975562414e-03,1.494999548037204917e+01,5.821225951793982389e+00,0.000000000000000000e+00,3.182478054770542908e+00,0.000000000000000000e+00,-5.954031274218499092e+00,8.995964206153550080e+00,1.861162377863797568e+00,7.055555555555555358e+00,7.894439924816493814e+00,0.000000000000000000e+00,0.000000000000000000e+00,8.000000000000000000e+00,6.949995480372049173e+00,1.189304039421954784e-01,0.000000000000000000e+00
3.000000000000000000e+00,3.182478054770542908e+00,1.494999548037204917e+01,2.788151898338612877e+00,0.000000000000000000e+00,1.323710122544800916e+00,0.000000000000000000e+00,-1.402061151425917807e+01,9.293839661128711072e-01,0.000000000000000000e+00,0.000000000000000000e+00,1.494999548037204917e+01,0.000000000000000000e+00,0.000000000000000000e+00,8.000000000000000000e+00,6.949995480372049173e+00,1.189304039421954784e-01,0.000000000000000000e+00
3.000000000000000000e+00,1.323710122544800916e+00,1.694999548037204917e+01,7.464377168731054724e+00,0.000000000000000000e+00,1.639125343390764655e+00,0.000000000000000000e+00,-9.170203090795030931e+00,7.779792389577018241e+00,1.311875621747619070e+00,5.291666666666666963e+00,1.165832881370538132e+01,0.000000000000000000e+00,0.000000000000000000e+00,1.000000000000000000e+01,6.949995480372049173e+00,1.189304039421954784e-01,0.000000000000000000e+00
3.000000000000000000e+00,1.639125343390764655e+00,1.694999548037204917e+01,1.596621574784515607e+00,0.000000000000000000e+00,5.747109602010875840e-01,0.000000000000000000e+00,-1.641778828877720997e+01,5.322071915948392018e-01,0.000000000000000000e+00,0.000000000000000000e+00,1.694999548037204917e+01,0.000000000000000000e+00,0.000000000000000000e+00,1.000000000000000000e+01,6.949995480372049173e+00,1.189304039421954784e-01,0.000000000000000000e+00
3.000000000000000000e+00,5.747109602010875840e-01,1.694999548037204917e+01,5.351646478496864257e-01,0.000000000000000000e+00,2.179345283012966150e-01,0.000000000000000000e+00,-1.677160726442215477e+01,1.783882159498944020e-01,0.000000000000000000e+00,0.000000000000000000e+00,1.694999548037204917e+01,0.000000000000000000e+00,0.000000000000000000e+00,1.000000000000000000e+01,6.949995480372049173e+00,1.189304039421954784e-01,0.000000000000000000e+00
3.000000000000000000e+00,2.179345283012966150e-01,1.694999548037204917e+01,5.678499455238543270e+00,0.000000000000000000e+00,1.723934891475601194e+00,0.000000000000000000e+00,-9.765495661959201712e+00,7.184499818412847461e+00,1.389183274539157464e+00,5.291666666666666963e+00,1.165832881370538132e+01,0.000000000000000000e+00,0.000000000000000000e+00,1.000000000000000000e+01,6.949995480372049173e+00,1.189304039421954784e-01,0.000000000000000000e+00
3.000000000000000000e+00,1.723934891475601194e+00,1.694999548037204917e+01,2.326748528856585452e+00,0.000000000000000000e+00,1.727692055712108932e-01,0.000000000000000000e+00,-1.617441263741985580e+01,7.755828429521933742e-01,0.000000000000000000e+00,0.000000000000000000e+00,1.694999548037204917e+01,0.000000000000000000e+00,0.000000000000000000e+00,1.000000000000000000e+01,6.949995480372049173e+00,1.189304039421954784e-01,0.000000000000000000e+00
3.000000000000000000e+00,1.727692055712108932e-01,1.694999548037204917e+01,2.252038438149580879e-01,0.000000000000000000e+00,2.263330969457216790e-02,0.000000000000000000e+00,-1.687492753243373045e+01,7.506794793831872425e-02,0.000000000000000000e+00,0.000000000000000000e+00,1.694999548037204917e+01,0.000000000000000000e+00,0.000000000000000000e+00,1.000000000000000000e+01,6.949995480372049173e+00,1.189304039421954784e-01,0.000000000000000000e+00
3.000000000000000000e+00,2.263330969457216790e-02,1.694999548037204917e+01,2.033902876941773297e-02,0.000000000000000000e+00,9.073957181627012591e-03,0.000000000000000000e+00,-1.694321580411557804e+01,6.779676256471134366e-03,0.000000000000000000e+00,0.000000000000000000e+00,1.694999548037204917e+01,0.000000000000000000e+00,0.000000000000000000e+00,1.000000000000000000e+01,6.949995480372049173e+00,3.868589713616076065e+00,0.000000000000000000e+00
3.000000000000000000e+00,9.073957181627012591e-03,1.847166711862946187e+01,1.283393434543037698e-02,0.000000000000000000e+00,5.180009513400946064e-04,0.000000000000000000e+00,-1.846738914051431735e+01,4.277978115144520643e-03,0.000000000000000000e+00,0.000000000000000000e+00,1.847166711862946187e+01,0.000000000000000000e+00,0.000000000000000000e+00,1.000000000000000000e+01,8.471667118629461868e+00,1.449697047038196462e-01,0.000000000000000000e+00
3.000000000000000000e+00,5.180009513400946064e-04,1.847166711862946187e+01,5.952342088925466389e-04,0.000000000000000000e+00,1.211781454117301805e-04,0.000000000000000000e+00,-1.847146870722649936e+01,1.984114029625061448e-04,0.000000000000000000e+00,0.000000000000000000e+00,1.847166711862946187e+01,0.000000000000000000e+00,0.000000000000000000e+00,1.000000000000000000e+01,8.471667118629461868e+00,1.449697047038196462e-01,0.000000000000000000e+00
3.000000000000000000e+00,1.211781454117301805e-04,1.847166711862946187e+01,8.323065554170419489e+00,0.000000000000000000e+00,5.034744142031799541e+00,0.000000000000000000e+00,-5.113978600572654187e+00,1.335768851805680768e+01,3.392220774567952013e+00,1.058333333333333393e+01,7.888333785296128831e+00,0.000000000000000000e+00,0.000000000000000000e+00,1.000000000000000000e+01,8.471667118629461868e+00,1.652356714912902591e+00,0.000000000000000000e+00
3.000000000000000000e+00,5.034744142031799541e+00,1.908338884369261024e+01,3.072985673051511313e+01,0.000000000000000000e+00,4.231729883550556792e-01,0.000000000000000000e+00,7.034896733145759029e+00,2.611828557683836749e+01,5.306322007845928113e+00,1.587500000000000000e+01,3.208388843692610237e+00,0.000000000000000000e+00,0.000000000000000000e+00,1.000000000000000000e+01,9.083388843692610237e+00,1.554376700524938426e-01,0.000000000000000000e+00
3.000000000000000000e+00,4.231729883550556792e-01,1.908338884369261024e+01,5.030770352263005840e+00,0.000000000000000000e+00,2.360992753513051934e+00,0.000000000000000000e+00,-1.211479872627160859e+01,6.968590117421001651e+00,1.668747345793754056e+00,5.291666666666666963e+00,1.379172217702594239e+01,0.000000000000000000e+00,0.000000000000000000e+00,1.000000000000000000e+01,9.083388843692610237e+00,1.554376700524938426e-01,0.000000000000000000e+00
3.000000000000000000e+00,2.360992753513051934e+00,1.908338884369261024e+01,1.785640453688520424e+00,0.000000000000000000e+00,1.170565784387371577e+00,0.000000000000000000e+00,-1.848817535912976950e+01,5.952134845628407334e-01,0.000000000000000000e+00,0.000000000000000000e+00,1.908338884369261024e+01,0.000000000000000000e+00,0.000000000000000000e+00,1.000000000000000000e+01,4.954575732923242271e+00,0.000000000000000000e+00,0.000000000000000000e+00
3.000000000000000000e+00,1.170565784387371577e+00,1.902030975450029970e+01,2.109686311094083067e+01,0.000000000000000000e+00,2.980990377093483801e+00,0.000000000000000000e+00,3.886977949146642963e+00,2.290728770364694356e+01,5.286628850221235965e+00,1.587500000000000000e+01,3.145309754500300592e+00,0.000000000000000000e+00,0.000000000000000000e+00,1.000000000000000000e+01,4.920168957000164767e+00,0.000000000000000000e+00,0.000000000000000000e+00
3.000000000000000000e+00,2.980990377093483801e+00,1.895766871453849234e+01,8.907356963484662771e+00,0.000000000000000000e+00,5.705301792148196327e-01,0.000000000000000000e+00,-1.246077194893249285e+01,6.496896765605999491e+00,7.132800726052923590e-01,3.527777777777777679e+00,1.542989093676071555e+01,0.000000000000000000e+00,0.000000000000000000e+00,1.000000000000000000e+01,4.886001117020996709e+00,0.000000000000000000e+00,0.000000000000000000e+00
3.000000000000000000e+00,5.705301792148196327e-01,1.889546268179864086e+01,1.272574385378149131e+01,0.000000000000000000e+00,2.670034276693824538e+00,0.000000000000000000e+00,-4.070214730538144643e+00,1.482524795126049710e+01,3.005364170475352203e+00,1.058333333333333393e+01,8.312129348465308709e+00,0.000000000000000000e+00,0.000000000000000000e+00,1.000000000000000000e+01,4.852070553708351497e+00,0.000000000000000000e+00,0.000000000000000000e+00
3.000000000000000000e+00,2.670034276693824538e+00,1.883368863539726235e+01,1.401388769533058110e+01,0.000000000000000000e+00,2.146886924251214523e+00,0.000000000000000000e+00,-5.342948292509293040e+00,1.349074034288796931e+01,2.963966189446263222e+00,8.819444444444444642e+00,1.001424419095281770e+01,0.000000000000000000e+00,0.000000000000000000e+00,1.000000000000000000e+01,4.818375619307598612e+00,0.000000000000000000e+00,0.000000000000000000e+00
3.000000000000000000e+00,2.146886924251214523e+00,1.877234357542922538e+01,1.095385999523452192e+01,0.000000000000000000e+00,3.663758038539310924e+00,0.000000000000000000e+00,-6.301612465906606175e+00,1.247073110952261921e+01,2.748372521318211970e+00,8.819444444444444642e+00,9.952899130984782516e+00,0.000000000000000000e+00,0.000000000000000000e+00,1.000000000000000000e+01,4.784914677506852065e+00,0.000000000000000000e+00,0.000000000000000000e+00
3.000000000000000000e+00,3.663758038539310924e+00,1.671142452282207813e+01,4.134703781287367264e+00,0.000000000000000000e+00,9.072888510143992669e-01,0.000000000000000000e+00,-1.533318992905962119e+01,1.378234593762456939e+00,0.000000000000000000e+00,0.000000000000000000e+00,1.671142452282207813e+01,0.000000000000000000e+00,0.000000000000000000e+00,8.000000000000000000e+00,4.751686103357497970e+00,0.000000000000000000e+00,0.000000000000000000e+00
3.000000000000000000e+00,9.072888510143992669e-01,1.665092851919137118e+01,5.194225191071192071e+00,0.000000000000000000e+00,9.722498347447152689e-01,0.000000000000000000e+00,-1.139174234438986311e+01,5.259186174801508074e+00,8.713469499085957359e-01,3.527777777777777679e+00,1.312315074141359261e+01,0.000000000000000000e+00,0.000000000000000000e+00,8.000000000000000000e+00,4.718688283195294098e+00,0.000000000000000000e+00,0.000000000000000000e+00
3.000000000000000000e+00,9.722498347447152689e-01,1.659085262669698579e+01,1.263063582998603440e+00,0.000000000000000000e+00,1.302074460789797161e-01,0.000000000000000000e+00,-1.616983143236411635e+01,4.210211943328694417e-01,0.000000000000000000e+00,0.000000000000000000e+00,1.659085262669698579e+01,0.000000000000000000e+00,0.000000000000000000e+00,8.000000000000000000e+00,4.685919614561992574e+00,0.000000000000000000e+00,0.000000000000000000e+00
3.000000000000000000e+00,1.302074460789797161e-01,1.653119392790048181e+01,1.745311650728214037e-01,0.000000000000000000e+00,1.385333603043212292e-02,0.000000000000000000e+00,-1.647301687287620808e+01,5.817705502427372721e-02,0.000000000000000000e+00,0.000000000000000000e+00,1.653119392790048181e+01,0.000000000000000000e+00,0.000000000000000000e+00,8.000000000000000000e+00,4.653378506127534564e+00,0.000000000000000000e+00,0.000000000000000000e+00
3.000000000000000000e+00,1.385333603043212292e-02,1.647194952562339409e+01,1.450303481457531837e-02,0.000000000000000000e+00,4.184646154048577912e-03,0.000000000000000000e+00,-1.646711518068520164e+01,4.834344938192458585e-03,0.000000000000000000e+00,0.000000000000000000e+00,1.647194952562339409e+01,0.000000000000000000e+00,0.000000000000000000e+00,8.000000000000000000e+00,4.621063377612759204e+00,0.000000000000000000e+00,0.000000000000000000e+00
3.000000000000000000e+00,4.184646154048577912e-03,1.641311654280656285e+01,9.946517598386158454e+00,0.000000000000000000e+00,2.192617358341053979e+00,0.000000000000000000e+00,-4.278166232233400201e+00,1.213495031057316353e+01,2.895419455678919007e+00,8.819444444444444642e+00,7.593672098362118206e+00,0.000000000000000000e+00,0.000000000000000000e+00,8.000000000000000000e+00,4.588972659712671209e+00,0.000000000000000000e+00,0.000000000000000000e+00
3.000000000000000000e+00,2.192617358341053979e+00,1.735469212237040892e+01,3.204110673987268676e+00,0.000000000000000000e+00,5.654357568287471381e-02,0.000000000000000000e+00,-1.628665523104131907e+01,1.068036891329089855e+00,0.000000000000000000e+00,0.000000000000000000e+00,1.735469212237040892e+01,0.000000000000000000e+00,0.000000000000000000e+00,9.000000000000000000e+00,4.557104794020221838e+00,0.000000000000000000e+00,0.000000000000000000e+00
3.000000000000000000e+00,5.654357568287471381e-02,1.729667342707616839e+01,1.526087924601353762e+01,0.000000000000000000e+00,4.659574116738500749e-01,0.000000000000000000e+00,-1.626380345071655409e+00,1.567029308200451254e+01,3.305957589399406427e+00,1.058333333333333393e+01,6.713340093742833581e+00,0.000000000000000000e+00,0.000000000000000000e+00,9.000000000000000000e+00,8.296673427076166618e+00,1.419751602494317144e-01,0.000000000000000000e+00
3.000000000000000000e+00,4.659574116738500749e-01,1.729667342707616484e+01,1.903241776416708575e+01,0.000000000000000000e+00,1.888790013340235774e+00,0.000000000000000000e+00,3.158576938757304831e+00,2.045525036583347145e+01,4.249220578298088746e+00,1.411111111111111072e+01,3.185562315965055902e+00,0.000000000000000000e+00,0.000000000000000000e+00,9.000000000000000000e+00,4.525458232950636095e+00,0.000000000000000000e+00,0.000000000000000000e+00
3.000000000000000000e+00,1.888790013340235774e+00,1.723905763938813962e+01,1.128581705553098047e+01,0.000000000000000000e+00,3.184356420764026474e+00,0.000000000000000000e+00,-4.657674176433369340e+00,1.258138346295477028e+01,2.922598957975963696e+00,8.819444444444444642e+00,8.419613194943694978e+00,0.000000000000000000e+00,0.000000000000000000e+00,9.000000000000000000e+00,4.494031439666256844e+00,0.000000000000000000e+00,0.000000000000000000e+00
3.000000000000000000e+00,3.184356420764026474e+00,1.718184196133683272e+01,1.756811921602692195e+01,0.000000000000000000e+00,3.819499165634965721e+00,0.000000000000000000e+00,1.021419999561028469e+00,1.820326196089786208e+01,3.714939936315225566e+00,1.234722222222222143e+01,4.834619739114611292e+00,0.000000000000000000e+00,0.000000000000000000e+00,9.000000000000000000e+00,4.462822888001907629e+00,0.000000000000000000e+00,0.000000000000000000e+00
3.000000000000000000e+00,3.819499165634965721e+00,1.712502361438310317e+01,4.235073422617134042e+00,0.000000000000000000e+00,9.961168838902096923e-01,0.000000000000000000e+00,-1.571333247351072515e+01,1.411691140872378014e+00,0.000000000000000000e+00,0.000000000000000000e+00,1.712502361438310317e+01,0.000000000000000000e+00,0.000000000000000000e+00,9.000000000000000000e+00,4.431831062390783060e+00,0.000000000000000000e+00,0.000000000000000000e+00
3.000000000000000000e+00,9.961168838902096923e-01,1.706859983928322322e+01,6.038506156073490061e+00,0.000000000000000000e+00,4.982238909523273307e-01,0.000000000000000000e+00,-1.152798667614761641e+01,5.540613163135606811e+00,1.086071704448068331e+00,3.527777777777777679e+00,1.354082206150544465e+01,0.000000000000000000e+00,0.000000000000000000e+00,9.000000000000000000e+00,4.401054457790847252e+00,0.000000000000000000e+00,0.000000000000000000e+00
3.000000000000000000e+00,4.982238909523273307e-01,1.701256789595486651e+01,3.907886273477201855e-01,0.000000000000000000e+00,2.376981393871805404e-01,0.000000000000000000e+00,-1.688230502017229284e+01,1.302628757825736727e-01,0.000000000000000000e+00,0.000000000000000000e+00,1.701256789595486651e+01,0.000000000000000000e+00,0.000000000000000000e+00,9.000000000000000000e+00,4.370491579611744726e+00,0.000000000000000000e+00,0.000000000000000000e+00
3.000000000000000000e+00,2.376981393871805404e-01,1.695692506334406602e+01,3.147219532027081268e-01,0.000000000000000000e+00,2.788350391870844658e-02,0.000000000000000000e+00,-1.685201774560983168e+01,1.049073177342343399e-01,0.000000000000000000e+00,0.000000000000000000e+00,1.695692506334406602e+01,0.000000000000000000e+00,0.000000000000000000e+00,9.000000000000000000e+00,7.956925063344067794e+00,1.361612845064225363e-01,0.000000000000000000e+00
3.000000000000000000e+00,2.788350391870844658e-02,1.695692506334406602e+01,3.160081441965521820e-02,0.000000000000000000e+00,6.816294305604965464e-03,0.000000000000000000e+00,-1.694639145853751572e+01,1.053360480655030074e-02,0.000000000000000000e+00,0.000000000000000000e+00,1.695692506334406602e+01,0.000000000000000000e+00,0.000000000000000000e+00,9.000000000000000000e+00,7.956925063344067794e+00,1.361612845064225363e-01,0.000000000000000000e+00
3.000000000000000000e+00,6.816294305604965464e-03,1.695692506334406602e+01,6.729462786745013178e-03,0.000000000000000000e+00,2.329985781108289723e-03,0.000000000000000000e+00,-1.695468190908181683e+01,2.243154262249191788e-03,0.000000000000000000e+00,0.000000000000000000e+00,1.695692506334406602e+01,0.000000000000000000e+00,0.000000000000000000e+00,9.000000000000000000e+00,7.956925063344067794e+00,1.156449112806734236e+00,0.000000000000000000e+00
3.000000000000000000e+00,2.329985781108289723e-03,1.737097416033225983e+01,1.822514163551231547e+01,0.000000000000000000e+00,1.994577843284535135e-01,0.000000000000000000e+00,1.051295273727399060e+00,1.842226943405965756e+01,3.933213727785240810e+00,1.234722222222222143e+01,5.023751938110037507e+00,0.000000000000000000e+00,0.000000000000000000e+00,9.000000000000000000e+00,8.370974160332259828e+00,1.432466166473969349e-01,0.000000000000000000e+00
3.000000000000000000e+00,1.994577843284535135e-01,1.837097416033225983e+01,1.255404357097522094e+01,0.000000000000000000e+00,6.495398481227514509e-01,0.000000000000000000e+00,-5.366848525562740946e+00,1.300412563476951888e+01,2.486126924470224431e+00,8.819444444444444642e+00,9.551529715887815186e+00,0.000000000000000000e+00,0.000000000000000000e+00,1.000000000000000000e+01,8.370974160332259828e+00,1.432466166473969349e-01,0.000000000000000000e+00
3.000000000000000000e+00,6.495398481227514509e-01,1.837097416033225983e+01,2.254902977066283398e+01,0.000000000000000000e+00,3.255742223236419264e+00,0.000000000000000000e+00,6.784257985444240191e+00,2.515523214577650180e+01,5.924201454164301772e+00,1.763888888888888928e+01,7.320852714433707664e-01,0.000000000000000000e+00,0.000000000000000000e+00,1.000000000000000000e+01,8.370974160332259828e+00,1.432466166473969349e-01,0.000000000000000000e+00
3.000000000000000000e+00,3.255742223236419264e+00,1.837097416033225983e+01,1.687831334555435703e+01,0.000000000000000000e+00,8.229777706446252949e-01,0.000000000000000000e+00,-3.925425267369698545e+00,1.444554889296256128e+01,2.438374872064550392e+00,8.819444444444444642e+00,9.551529715887815186e+00,0.000000000000000000e+00,0.000000000000000000e+00,1.000000000000000000e+01,4.565985905635777442e+00,0.000000000000000000e+00,0.000000000000000000e+00
3.000000000000000000e+00,8.229777706446252949e-01,1.831284239532995173e+01,2.247739442113049790e+01,0.000000000000000000e+00,1.713048156557627877e+00,0.000000000000000000e+00,5.054622411713546981e+00,2.336746480704349693e+01,5.101473148430899940e+00,1.587500000000000000e+01,2.437842395329952616e+00,0.000000000000000000e+00,0.000000000000000000e+00,1.000000000000000000e+01,4.534277670179973185e+00,0.000000000000000000e+00,0.000000000000000000e+00
3.000000000000000000e+00,1.713048156557627877e+00,1.825511432314016247e+01,1.970138499333698334e+00,0.000000000000000000e+00,3.996224903351623947e-01,0.000000000000000000e+00,-1.759840149002892673e+01,6.567128331112357387e-01,0.000000000000000000e+00,0.000000000000000000e+00,1.825511432314016247e+01,0.000000000000000000e+00,0.000000000000000000e+00,1.000000000000000000e+01,4.502789630803722964e+00,0.000000000000000000e+00,0.000000000000000000e+00
3.000000000000000000e+00,3.996224903351623947e-01,1.819778714034057643e+01,3.290061384137166756e-01,0.000000000000000000e+00,1.802850647260179351e-01,0.000000000000000000e+00,-1.808811842753600274e+01,1.096687128045736870e-01,0.000000000000000000e+00,0.000000000000000000e+00,1.819778714034057643e+01,0.000000000000000000e+00,0.000000000000000000e+00,1.000000000000000000e+01,8.197787140340576428e+00,1.402829884978066266e-01,0.000000000000000000e+00
3.000000000000000000e+00,1.802850647260179351e-01,1.819778714034057643e+01,5.512729031027800097e+00,0.000000000000000000e+00,3.291015515192885488e-02,0.000000000000000000e+00,-1.283243301888686538e+01,5.365354121453711045e+00,6.366066458384211924e-01,3.527777777777777679e+00,1.467000936256279964e+01,0.000000000000000000e+00,0.000000000000000000e+00,1.000000000000000000e+01,8.197787140340576428e+00,1.402829884978066266e-01,0.000000000000000000e+00
3.000000000000000000e+00,3.291015515192885488e-02,1.819778714034057643e+01,1.408346163233003168e+01,0.000000000000000000e+00,1.227269066931908625e+00,0.000000000000000000e+00,-2.919966596230564981e+00,1.527782054411001056e+01,3.313496207733343191e+00,1.058333333333333393e+01,7.614453807007242503e+00,0.000000000000000000e+00,0.000000000000000000e+00,1.000000000000000000e+01,4.471520258367586820e+00,0.000000000000000000e+00,0.000000000000000000e+00
3.000000000000000000e+00,1.227269066931908625e+00,1.814085806297710235e+01,1.955530205762589091e+01,0.000000000000000000e+00,2.301512139625758735e+00,0.000000000000000000e+00,2.488687067342640447e+00,2.062954513031974102e+01,4.358077694421385928e+00,1.411111111111111072e+01,4.029746951865989857e+00,0.000000000000000000e+00,0.000000000000000000e+00,1.000000000000000000e+01,4.440468034351146009e+00,0.000000000000000000e+00,0.000000000000000000e+00
3.000000000000000000e+00,2.301512139625758735e+00,1.808432432642864995e+01,1.669747209185199210e+01,0.000000000000000000e+00,5.280975189502211009e+00,0.000000000000000000e+00,1.592610815299794425e+00,1.967693514172844260e+01,4.294336065265023983e+00,1.411111111111111072e+01,3.973213215317537905e+00,0.000000000000000000e+00,0.000000000000000000e+00,1.000000000000000000e+01,4.409631450779262885e+00,0.000000000000000000e+00,0.000000000000000000e+00
3.000000000000000000e+00,5.280975189502211009e+00,1.802818318527289421e+01,1.209028806489076047e+01,0.000000000000000000e+00,2.512449812908371882e+00,0.000000000000000000e+00,-8.706420496975972867e+00,9.321762688296921340e+00,1.283796973781098361e+00,5.291666666666666963e+00,1.273651651860622813e+01,0.000000000000000000e+00,0.000000000000000000e+00,1.000000000000000000e+01,4.379009010148851466e+00,0.000000000000000000e+00,0.000000000000000000e+00
3.000000000000000000e+00,2.512449812908371882e+00,1.797243191315294553e+01,2.651150942660957632e+00,0.000000000000000000e+00,7.450158511344000534e-01,0.000000000000000000e+00,-1.708871493226595817e+01,8.837169808869873577e-01,0.000000000000000000e+00,0.000000000000000000e+00,1.797243191315294553e+01,0.000000000000000000e+00,0.000000000000000000e+00,1.000000000000000000e+01,4.348599225356150733e+00,0.000000000000000000e+00,0.000000000000000000e+00
3.000000000000000000e+00,7.450158511344000534e-01,1.591706780264493659e+01,3.254560768715012209e+00,0.000000000000000000e+00,3.391975608799477904e-01,0.000000000000000000e+00,-1.306832532418437687e+01,2.848742478460559724e+00,3.815027556267824860e-01,1.763888888888888840e+00,1.415317891375604731e+01,0.000000000000000000e+00,0.000000000000000000e+00,8.000000000000000000e+00,4.318400619624510384e+00,0.000000000000000000e+00,0.000000000000000000e+00
3.000000000000000000e+00,3.391975608799477904e-01,1.586208816512657016e+01,3.049191054636060549e+00,0.000000000000000000e+00,7.029241334479641168e-02,0.000000000000000000e+00,-1.308180225802566099e+01,2.780285907100909171e+00,4.679555994749329262e-01,1.763888888888888840e+00,1.409819927623768088e+01,0.000000000000000000e+00,0.000000000000000000e+00,8.000000000000000000e+00,4.288411726432673099e+00,0.000000000000000000e+00,0.000000000000000000e+00
3.000000000000000000e+00,7.029241334479641168e-02,1.580749033064652309e+01,9.129670119427940600e-02,0.000000000000000000e+00,9.427945881943476658e-03,0.000000000000000000e+00,-1.577705809691509664e+01,3.043223373142645016e-02,0.000000000000000000e+00,0.000000000000000000e+00,1.580749033064652309e+01,0.000000000000000000e+00,0.000000000000000000e+00,8.000000000000000000e+00,4.258631089443557727e+00,0.000000000000000000e+00,0.000000000000000000e+00
