2.000000000000000000e+00,0.000000000000000000e+00,4.790396690562197080e+01,0.000000000000000000e+00,0.000000000000000000e+00,0.000000000000000000e+00,3.111111111111111427e+01,-1.679285579451085653e+01,3.111111111111111427e+01,9.381850758191205841e+00,3.111111111111111427e+01,1.679285579451085297e+01,0.000000000000000000e+00,0.000000000000000000e+00,1.800000000000000000e+01,1.631125467579379773e+01,0.000000000000000000e+00,0.000000000000000000e+00
2.000000000000000000e+00,3.111111111111111427e+01,4.790396690562197080e+01,0.000000000000000000e+00,0.000000000000000000e+00,0.000000000000000000e+00,6.222222222222222854e+01,-1.679285579451085653e+01,3.111111111111111427e+01,9.381850758191205841e+00,3.111111111111111427e+01,1.679285579451085297e+01,0.000000000000000000e+00,0.000000000000000000e+00,1.800000000000000000e+01,1.631125467579379773e+01,0.000000000000000000e+00,0.000000000000000000e+00
2.000000000000000000e+00,6.222222222222222854e+01,4.790396690562197080e+01,0.000000000000000000e+00,0.000000000000000000e+00,0.000000000000000000e+00,9.333333333333334281e+01,-1.679285579451085653e+01,3.111111111111111427e+01,9.381850758191205841e+00,3.111111111111111427e+01,1.679285579451085297e+01,0.000000000000000000e+00,0.000000000000000000e+00,1.800000000000000000e+01,1.631125467579379773e+01,0.000000000000000000e+00,0.000000000000000000e+00
2.000000000000000000e+00,9.333333333333334281e+01,4.790396690562197080e+01,1.725673180361720256e+02,0.000000000000000000e+00,9.399565753663097212e+00,2.222222222222222321e+00,4.295180577310205194e+01,9.085577267872402274e+01,9.660481809014820342e+00,3.333333333333333570e+01,1.457063357228863154e+01,0.000000000000000000e+00,0.000000000000000000e+00,1.800000000000000000e+01,1.631125467579379773e+01,0.000000000000000000e+00,0.000000000000000000e+00
2.000000000000000000e+00,1.162178797588531864e+01,4.790396690562196369e+01,8.742901111608958331e+00,0.000000000000000000e+00,3.570965012590458620e+00,4.444444444444444642e+00,-4.276744431286341808e+01,5.136522592758545613e+00,2.786310508236152228e-01,2.222222222222222321e+00,4.568174468339974226e+01,0.000000000000000000e+00,0.000000000000000000e+00,1.800000000000000000e+01,1.631125467579379773e+01,0.000000000000000000e+00,0.000000000000000000e+00
2.000000000000000000e+00,8.015409457034902374e+00,4.790396690562196369e+01,1.280303380910537214e+01,0.000000000000000000e+00,1.702275806520210821e+00,0.000000000000000000e+00,-4.141406674703128488e+01,6.489900158590678814e+00,2.786310508236152228e-01,2.222222222222222321e+00,4.568174468339974226e+01,0.000000000000000000e+00,0.000000000000000000e+00,1.800000000000000000e+01,1.631125467579379773e+01,0.000000000000000000e+00,0.000000000000000000e+00
2.000000000000000000e+00,1.702275806520210821e+00,4.790396690562195658e+01,2.093304749621060612e+00,0.000000000000000000e+00,3.067393067728370060e-01,1.333333333333333215e+01,-3.387286532241493830e+01,1.403110158320701828e+01,3.642793685266348724e+00,1.333333333333333215e+01,3.457063357228862799e+01,0.000000000000000000e+00,0.000000000000000000e+00,1.800000000000000000e+01,1.631125467579379773e+01,0.000000000000000000e+00,0.000000000000000000e+00
2.000000000000000000e+00,1.364007264010616893e+01,4.790396690562195658e+01,3.352358995943268383e+01,0.000000000000000000e+00,4.624346000484376162e+00,0.000000000000000000e+00,-2.339610358581106198e+01,2.450786331981089461e+01,3.642793685266348724e+00,1.333333333333333215e+01,3.457063357228862799e+01,0.000000000000000000e+00,0.000000000000000000e+00,1.800000000000000000e+01,1.631125467579379773e+01,0.000000000000000000e+00,0.000000000000000000e+00
2.000000000000000000e+00,4.624346000484376162e+00,4.790396690562196369e+01,4.685763768300604148e+00,0.000000000000000000e+00,1.500503488283973397e+00,3.333333333333333570e+01,-1.300871231618842572e+01,3.489525458943353442e+01,1.025668868648279108e+01,3.333333333333333570e+01,1.457063357228862976e+01,0.000000000000000000e+00,0.000000000000000000e+00,1.800000000000000000e+01,1.631125467579379773e+01,0.000000000000000000e+00,0.000000000000000000e+00
2.000000000000000000e+00,3.483383682161731087e+01,4.790396690562196369e+01,1.874824231907794125e+00,0.000000000000000000e+00,2.506206670121107205e-01,6.666666666666667140e+01,-1.394569216165269410e+01,3.395827474396926959e+01,1.025668868648279108e+01,3.333333333333333570e+01,1.457063357228862976e+01,0.000000000000000000e+00,0.000000000000000000e+00,1.800000000000000000e+01,1.631125467579379773e+01,0.000000000000000000e+00,0.000000000000000000e+00
2.000000000000000000e+00,6.691728733367878590e+01,4.790396690562196369e+01,1.012520015464481276e+02,0.000000000000000000e+00,3.274928630271335805e+01,0.000000000000000000e+00,1.918003360986074313e+01,6.708400051548269971e+01,1.025668868648279108e+01,3.333333333333333570e+01,1.457063357228862976e+01,0.000000000000000000e+00,0.000000000000000000e+00,1.800000000000000000e+01,1.631125467579379773e+01,0.000000000000000000e+00,0.000000000000000000e+00
2.000000000000000000e+00,3.274928630271335805e+01,4.790396690562197080e+01,4.706357426987377579e+01,0.000000000000000000e+00,1.373570122797506343e+00,3.777777777777777857e+01,5.561668962113728298e+00,5.346563586773569909e+01,1.091602088332539466e+01,3.777777777777777857e+01,1.012618912784418868e+01,0.000000000000000000e+00,0.000000000000000000e+00,1.800000000000000000e+01,1.631125467579379773e+01,0.000000000000000000e+00,0.000000000000000000e+00
2.000000000000000000e+00,3.915134790057528846e+01,6.790396690562195658e+01,2.011511492581144012e+01,0.000000000000000000e+00,1.018571572781210044e+01,5.333333333333334281e+01,-2.342115081924036701e+01,4.448281608638158957e+01,1.091602088332539466e+01,3.777777777777777857e+01,3.012618912784418512e+01,0.000000000000000000e+00,0.000000000000000000e+00,3.800000000000000000e+01,2.990396690562196369e+01,3.992497298917821524e+01,0.000000000000000000e+00
2.000000000000000000e+00,6.351904906114544502e+01,8.389849219832669291e+01,1.183558416505198352e+02,0.000000000000000000e+00,1.128182129413220025e+01,7.105427357601001859e-15,-1.777987831482008829e+01,6.611861388350661173e+01,7.813454041652564186e+00,2.666666666666666785e+01,5.723182553166002862e+01,0.000000000000000000e+00,0.000000000000000000e+00,3.800000000000000000e+01,4.589849219832669291e+01,7.854287435007774043e-01,0.000000000000000000e+00
2.000000000000000000e+00,1.128182129413220736e+01,8.389849219832667870e+01,1.389012813295919102e+01,0.000000000000000000e+00,2.021735872159405645e+00,7.333333333333334281e+01,-5.935116154006941258e+00,7.796337604431974455e+01,2.269827579930749195e+01,7.333333333333332860e+01,1.056515886499335366e+01,0.000000000000000000e+00,0.000000000000000000e+00,3.800000000000000000e+01,4.589849219832669291e+01,1.190292753768347112e+01,0.000000000000000000e+00
2.000000000000000000e+00,7.535506920549275378e+01,8.841015078016731366e+01,1.890718618695585747e+02,0.000000000000000000e+00,2.264049462578701366e+01,8.888888888888903494e+00,5.683602539857443503e+01,1.452461761787417345e+02,2.513015757261488048e+01,8.222222222222221433e+01,6.187928557945099328e+00,0.000000000000000000e+00,0.000000000000000000e+00,3.800000000000000000e+01,5.041015078016732787e+01,8.626335962381572742e-01,0.000000000000000000e+00
2.000000000000000000e+00,3.152938351467591716e+01,8.841015078016732787e+01,3.937916428355401166e+01,0.000000000000000000e+00,1.416549621452878327e+01,3.777777777777779988e+01,-2.861709601898263955e+01,5.979305476118469187e+01,1.400965269059643248e+01,4.666666666666667140e+01,4.174348411350065646e+01,0.000000000000000000e+00,0.000000000000000000e+00,3.800000000000000000e+01,2.749644588009126878e+01,0.000000000000000000e+00,0.000000000000000000e+00
2.000000000000000000e+00,5.194327399230658671e+01,8.806008028863837467e+01,1.583514740499398599e+01,0.000000000000000000e+00,3.608731277866125353e+00,1.044444444444444713e+02,-1.611503115364037342e+01,7.194504913499800125e+01,2.021062173521388772e+01,6.666666666666665719e+01,2.139341362197171748e+01,0.000000000000000000e+00,0.000000000000000000e+00,3.800000000000000000e+01,5.006008028863838888e+01,8.566430851531701141e-01,0.000000000000000000e+00
2.000000000000000000e+00,1.080531757223105984e+02,8.806008028863837467e+01,5.048596817381623580e+00,0.000000000000000000e+00,2.430000662783764476e-01,1.711111111111111427e+02,-1.971054801617783880e+01,6.834953227246053586e+01,2.021062173521388772e+01,6.666666666666665719e+01,2.139341362197171748e+01,0.000000000000000000e+00,0.000000000000000000e+00,3.800000000000000000e+01,2.730549833925730141e+01,0.000000000000000000e+00,0.000000000000000000e+00
2.000000000000000000e+00,1.713541111773895125e+02,8.771244084218949411e+01,2.905405852914698244e+02,0.000000000000000000e+00,4.432705431640960114e+01,3.552713678800500929e-14,7.580108758830047577e+01,1.635135284304899699e+02,2.021062173521388772e+01,6.666666666666665719e+01,2.104577417552283691e+01,0.000000000000000000e+00,0.000000000000000000e+00,3.800000000000000000e+01,4.971244084218950832e+01,8.506941748396064096e-01,0.000000000000000000e+00
2.000000000000000000e+00,4.432705431640963667e+01,8.771244084218950832e+01,6.029167079123008932e+01,0.000000000000000000e+00,4.132607122256210630e+00,7.333333333333337123e+01,5.718116088220547510e+00,9.343055693041006293e+01,2.206492704926039039e+01,7.333333333333332860e+01,1.437910750885617617e+01,0.000000000000000000e+00,0.000000000000000000e+00,3.800000000000000000e+01,2.711587682301245650e+01,0.000000000000000000e+00,0.000000000000000000e+00
2.000000000000000000e+00,7.746594045558958896e+01,8.736721555856318844e+01,8.429728216656295103e+01,0.000000000000000000e+00,5.712196788992017105e+00,8.888888888888892836e+01,1.406521183029111910e+01,1.014324273888543075e+02,2.206492704926039039e+01,7.333333333333332860e+01,1.403388222522985984e+01,0.000000000000000000e+00,0.000000000000000000e+00,3.800000000000000000e+01,4.936721555856318844e+01,8.447865764032203018e-01,0.000000000000000000e+00
2.000000000000000000e+00,9.460108567788094547e+01,8.736721555856318844e+01,2.761257027843856449e+01,0.000000000000000000e+00,7.303816603366307447e+00,1.533333333333333712e+02,6.281418978694105704e+00,9.364863453725729414e+01,2.575521236205773690e+01,8.444444444444444287e+01,2.922771114118746461e+00,0.000000000000000000e+00,0.000000000000000000e+00,3.800000000000000000e+01,4.936721555856318844e+01,2.560004638838973001e+00,0.000000000000000000e+00
2.000000000000000000e+00,1.606371499366996716e+02,9.106327844414366268e+01,1.543616855985905545e+02,0.000000000000000000e+00,5.550713731541705442e+01,8.000000000000002842e+01,3.816839453316430308e+01,1.292316729773079658e+02,2.407913642867435300e+01,7.777777777777777146e+01,1.328550066636589477e+01,0.000000000000000000e+00,0.000000000000000000e+00,4.100000000000000000e+01,5.006327844414367689e+01,8.566978129479130288e-01,0.000000000000000000e+00
2.000000000000000000e+00,1.355071373154170828e+02,9.106327844414366268e+01,1.829525027954479413e+02,0.000000000000000000e+00,5.353880211845175552e+01,3.777777777777780699e+01,4.769866693211676534e+01,1.387619453762604280e+02,2.391492584459601289e+01,7.777777777777777146e+01,1.328550066636589477e+01,0.000000000000000000e+00,0.000000000000000000e+00,4.100000000000000000e+01,2.730724278771473124e+01,0.000000000000000000e+00,0.000000000000000000e+00
2.000000000000000000e+00,9.131657989622956961e+01,9.071561678828155095e+01,7.046969333523044554e+01,0.000000000000000000e+00,6.559006561631456123e+00,1.244444444444444713e+02,1.944094765679523107e+01,1.101565644450767820e+02,2.628490052545293310e+01,8.666666666666665719e+01,4.048950121614893760e+00,0.000000000000000000e+00,0.000000000000000000e+00,4.100000000000000000e+01,4.971561678828156516e+01,8.507485225802191575e-01,0.000000000000000000e+00
2.000000000000000000e+00,1.310034510060759203e+02,9.071561678828155095e+01,1.054533754806370496e+02,0.000000000000000000e+00,3.403453401898453023e+01,1.133333333333333712e+02,3.110217503859746557e+01,1.218177918268790165e+02,2.628490052545293310e+01,8.666666666666665719e+01,4.048950121614893760e+00,0.000000000000000000e+00,0.000000000000000000e+00,4.100000000000000000e+01,4.971561678828156516e+01,8.507485225802191575e-01,0.000000000000000000e+00
2.000000000000000000e+00,1.473678673523178873e+02,9.071561678828156516e+01,2.580051588395594990e+02,0.000000000000000000e+00,1.314220590372266884e+01,3.777777777777780699e+01,7.084165838046050112e+01,1.615572751687420805e+02,2.271689367674498072e+01,7.555555555555555713e+01,1.516006123272600270e+01,0.000000000000000000e+00,0.000000000000000000e+00,4.100000000000000000e+01,4.971561678828156516e+01,8.507485225802191575e-01,0.000000000000000000e+00
2.000000000000000000e+00,5.091998368150047583e+01,9.071561678828156516e+01,5.983919168497756402e+01,0.000000000000000000e+00,8.804967002626518990e+00,7.555555555555559977e+01,2.564113773377648897e+00,9.327973056165922117e+01,2.205523055864489024e+01,7.333333333333334281e+01,1.738228345494822591e+01,0.000000000000000000e+00,0.000000000000000000e+00,4.100000000000000000e+01,4.971561678828156516e+01,8.507485225802191575e-01,0.000000000000000000e+00
2.000000000000000000e+00,8.436052255818211165e+01,9.071561678828156516e+01,9.351544360598806804e+01,0.000000000000000000e+00,6.461337931967797488e+00,8.888888888888894257e+01,1.378953108038113839e+01,1.045051478686627036e+02,2.177440720016224418e+01,7.333333333333334281e+01,1.738228345494822591e+01,0.000000000000000000e+00,0.000000000000000000e+00,4.100000000000000000e+01,4.971561678828156516e+01,8.507485225802191575e-01,0.000000000000000000e+00
2.000000000000000000e+00,9.535022682085673296e+01,9.071561678828156516e+01,7.322676160804382661e+00,0.000000000000000000e+00,1.579553824764875714e+00,1.644444444444445139e+02,-1.271916917912453471e+01,7.799644760915703046e+01,2.264425792966643414e+01,7.555555555555555713e+01,1.516006123272600803e+01,0.000000000000000000e+00,0.000000000000000000e+00,4.100000000000000000e+01,4.971561678828156516e+01,8.507485225802191575e-01,0.000000000000000000e+00
2.000000000000000000e+00,1.660239982692093861e+02,9.071561678828156516e+01,2.105698685288716945e+02,0.000000000000000000e+00,5.675519702773931385e+01,4.444444444444450681e+01,5.502989494356458522e+01,1.457455117318461362e+02,2.264425792966643414e+01,7.555555555555555713e+01,1.516006123272600803e+01,0.000000000000000000e+00,0.000000000000000000e+00,4.100000000000000000e+01,4.971561678828156516e+01,8.507485225802191575e-01,0.000000000000000000e+00
2.000000000000000000e+00,1.011996414721838278e+02,9.071561678828157937e+01,1.002915647861183572e+02,0.000000000000000000e+00,5.656082050366039482e+01,5.333333333333339965e+01,1.827046036264675877e+01,1.089860771509283381e+02,2.275300783857020548e+01,7.555555555555555713e+01,1.516006123272601513e+01,0.000000000000000000e+00,0.000000000000000000e+00,4.100000000000000000e+01,4.971561678828156516e+01,8.507485225802191575e-01,0.000000000000000000e+00
2.000000000000000000e+00,1.098941538369937945e+02,9.071561678828157937e+01,6.683198326473591067e+01,0.000000000000000000e+00,1.200616499383645674e+01,1.266666666666667282e+02,4.895044299963714707e+00,9.561066108824529408e+01,2.197790935430495907e+01,7.333333333333334281e+01,1.738228345494823301e+01,0.000000000000000000e+00,0.000000000000000000e+00,4.100000000000000000e+01,2.711760915724448751e+01,0.000000000000000000e+00,0.000000000000000000e+00
2.000000000000000000e+00,1.386728316605031921e+02,8.937036944947405459e+01,2.586469232632869080e+02,0.000000000000000000e+00,3.957488281831189170e+01,5.684341886080801487e-14,7.017860497162160982e+01,1.595489744210956644e+02,2.197790935430495907e+01,7.333333333333334281e+01,1.603703611614071889e+01,0.000000000000000000e+00,0.000000000000000000e+00,4.000000000000000000e+01,2.692929242698584957e+01,0.000000000000000000e+00,0.000000000000000000e+00
2.000000000000000000e+00,3.957488281831194854e+01,8.902751966163047825e+01,5.873347716958370768e+01,0.000000000000000000e+00,4.192313719227556135e-01,7.111111111111117111e+01,1.661417172675228926e+00,9.068893683430570718e+01,2.177296383731811247e+01,7.111111111111111427e+01,1.791640855051936398e+01,0.000000000000000000e+00,0.000000000000000000e+00,4.000000000000000000e+01,2.674228345179844624e+01,0.000000000000000000e+00,0.000000000000000000e+00
2.000000000000000000e+00,7.153034248303393383e+01,8.868705077509137880e+01,1.769779565895387350e+02,0.000000000000000000e+00,2.465614920111917741e+01,5.684341886080801487e-14,4.141671253253265661e+01,1.301037633076240354e+02,2.177296383731811247e+01,7.111111111111111427e+01,1.757593966398026453e+01,0.000000000000000000e+00,0.000000000000000000e+00,4.000000000000000000e+01,2.655657315004984653e+01,0.000000000000000000e+00,0.000000000000000000e+00
2.000000000000000000e+00,2.465614920111923425e+01,8.834894625581991079e+01,2.479060631087669719e+01,0.000000000000000000e+00,8.129078327201380461e+00,8.222222222222228538e+01,2.136811403361221551e+00,9.048575765918113234e+01,2.468355024746166038e+01,8.222222222222222854e+01,6.126724033597685803e+00,0.000000000000000000e+00,0.000000000000000000e+00,4.000000000000000000e+01,2.637215250317450099e+01,0.000000000000000000e+00,0.000000000000000000e+00
2.000000000000000000e+00,9.035130054942366939e+01,8.801318968459894165e+01,1.405518098568012419e+02,0.000000000000000000e+00,3.887231620044499891e+01,4.000000000000006395e+01,4.105963582322370087e+01,1.290728255078226425e+02,2.468355024746166038e+01,8.222222222222222854e+01,5.790967462376714892e+00,0.000000000000000000e+00,0.000000000000000000e+00,4.000000000000000000e+01,2.618901255523578797e+01,0.000000000000000000e+00,0.000000000000000000e+00
2.000000000000000000e+00,7.887231620044505576e+01,8.767976475623368060e+01,9.197372380245623447e+01,0.000000000000000000e+00,3.755650033214084260e+01,5.333333333333339965e+01,1.631147651125175457e+01,1.039912412674854352e+02,2.132096131219498858e+01,7.333333333333334281e+01,1.434643142290033246e+01,0.000000000000000000e+00,0.000000000000000000e+00,4.000000000000000000e+01,2.600714441249109043e+01,0.000000000000000000e+00,0.000000000000000000e+00
2.000000000000000000e+00,9.088983366547424225e+01,8.734865527875982139e+01,1.457184992942638644e+02,0.000000000000000000e+00,1.152194524707604728e+01,6.000000000000006395e+01,3.900195559710590487e+01,1.263506108758657263e+02,2.243141595004382793e+01,7.777777777777777146e+01,9.570877500982046371e+00,0.000000000000000000e+00,0.000000000000000000e+00,4.000000000000000000e+01,2.582653924295990677e+01,0.000000000000000000e+00,0.000000000000000000e+00
2.000000000000000000e+00,7.152194524707610412e+01,8.701984517265732677e+01,1.236522904016553497e+02,0.000000000000000000e+00,3.130930720152804270e+01,3.777777777777784252e+01,3.419758496122780400e+01,1.212174301338851308e+02,2.361406321063117630e+01,8.000000000000000000e+01,7.019845172657330323e+00,0.000000000000000000e+00,0.000000000000000000e+00,4.000000000000000000e+01,2.564718827599490680e+01,0.000000000000000000e+00,0.000000000000000000e+00
2.000000000000000000e+00,6.908708497930588521e+01,8.669331847006944258e+01,2.380783950921912862e+01,0.000000000000000000e+00,1.543741419538195636e+01,8.666666666666674246e+01,-2.986848307810750214e+01,5.682483539196194045e+01,1.442888065690891963e+01,4.888888888888888573e+01,3.780442958118054975e+01,0.000000000000000000e+00,0.000000000000000000e+00,4.000000000000000000e+01,2.546908280185605022e+01,0.000000000000000000e+00,0.000000000000000000e+00
2.000000000000000000e+00,1.021040808620487041e+02,8.636905931402729664e+01,2.227511810960128713e+01,0.000000000000000000e+00,1.392066878898110005e+01,1.444444444444445139e+02,-7.832908833049103237e+00,7.853615048097819340e+01,2.102603598802497942e+01,7.111111111111111427e+01,1.525794820291617881e+01,0.000000000000000000e+00,0.000000000000000000e+00,4.000000000000000000e+01,2.529221417128761118e+01,0.000000000000000000e+00,0.000000000000000000e+00
2.000000000000000000e+00,1.583651132334256033e+02,8.604705195767986936e+01,2.292961264981765055e+02,0.000000000000000000e+00,1.216769556797453333e+01,5.777777777777783541e+01,5.482943465282338025e+01,1.408764866105032638e+02,1.915450789576762247e+01,6.444444444444444287e+01,2.160260751323543005e+01,0.000000000000000000e+00,0.000000000000000000e+00,4.000000000000000000e+01,2.511657379509810895e+01,0.000000000000000000e+00,0.000000000000000000e+00
2.000000000000000000e+00,6.994547334575236164e+01,7.372728076352930771e+01,3.793548363634044307e+01,0.000000000000000000e+00,4.655150921525351038e+00,9.111111111111115690e+01,-9.971008440304728992e+00,6.375627232322457871e+01,1.508391823135986698e+01,5.111111111111110716e+01,2.261616965241820765e+01,0.000000000000000000e+00,0.000000000000000000e+00,2.800000000000000000e+01,2.494215314374326553e+01,0.000000000000000000e+00,0.000000000000000000e+00
2.000000000000000000e+00,9.576626203263650439e+01,7.340973020267146865e+01,1.298724819738517056e+02,0.000000000000000000e+00,6.962385161179767579e+00,6.444444444444449971e+01,3.210331934416799982e+01,1.055130495468394685e+02,1.847513897061296007e+01,6.222222222222222143e+01,1.118750798044925077e+01,0.000000000000000000e+00,0.000000000000000000e+00,2.800000000000000000e+01,2.476894374691171308e+01,0.000000000000000000e+00,0.000000000000000000e+00
2.000000000000000000e+00,7.140682960562426729e+01,7.309438485404180597e+01,7.396576231332449680e+00,0.000000000000000000e+00,2.031334340291468088e+00,1.044444444444444997e+02,-3.062885944359766199e+01,4.246552541044414397e+01,1.187798363949689850e+01,4.000000000000000000e+01,3.309438485404181307e+01,0.000000000000000000e+00,0.000000000000000000e+00,2.800000000000000000e+01,2.459693719311371396e+01,0.000000000000000000e+00,0.000000000000000000e+00
2.000000000000000000e+00,1.064757787847359651e+02,7.278122940366651505e+01,1.116457580522016713e+02,0.000000000000000000e+00,2.537860674993478938e+01,4.888888888888894968e+01,6.656245502622923027e+00,7.943747490628943808e+01,1.203002172838345096e+01,4.222222222222222143e+01,3.055900718144430073e+01,0.000000000000000000e+00,0.000000000000000000e+00,2.800000000000000000e+01,2.442612512927264845e+01,0.000000000000000000e+00,0.000000000000000000e+00
2.000000000000000000e+00,7.426749563882373195e+01,7.247024864391883625e+01,1.078509851873390346e+02,0.000000000000000000e+00,1.570017218059766151e+01,4.888888888888894968e+01,2.570230197408307049e+01,9.817255061800190674e+01,1.803604599780541307e+01,6.222222222222222143e+01,1.024802642169661304e+01,0.000000000000000000e+00,0.000000000000000000e+00,2.800000000000000000e+01,2.425649926031936232e+01,0.000000000000000000e+00,0.000000000000000000e+00
2.000000000000000000e+00,6.458906106948660408e+01,7.216142747278050251e+01,2.013467176584515173e+01,0.000000000000000000e+00,2.277057670034226433e+00,1.000000000000000711e+02,-1.433875910638765561e+01,5.782266836639284691e+01,1.461429312369219780e+01,5.111111111111110716e+01,2.105031636166940245e+01,0.000000000000000000e+00,0.000000000000000000e+00,2.800000000000000000e+01,2.408805134878936727e+01,0.000000000000000000e+00,0.000000000000000000e+00
2.000000000000000000e+00,1.022770576700342957e+02,7.185475089310841668e+01,1.860063409321669212e+02,0.000000000000000000e+00,2.049505260414514396e+01,8.888888888888963891e+00,4.125847386205832379e+01,1.131132247551667405e+02,1.461429312369219780e+01,5.111111111111110716e+01,2.074363978199731307e+01,0.000000000000000000e+00,0.000000000000000000e+00,2.800000000000000000e+01,4.385475089310842378e+01,7.504556302564007186e-01,0.000000000000000000e+00
2.000000000000000000e+00,2.938394149303410785e+01,7.185475089310841668e+01,3.980336408943042414e+01,0.000000000000000000e+00,7.292809877858196899e+00,5.555555555555562108e+01,1.413037136701724705e+00,7.326778802981013428e+01,1.765087978426743476e+01,5.999999999999999289e+01,1.185475089310842378e+01,0.000000000000000000e+00,0.000000000000000000e+00,2.800000000000000000e+01,4.385475089310842378e+01,7.504556302564007186e-01,0.000000000000000000e+00
2.000000000000000000e+00,6.284836543341381798e+01,7.185475089310841668e+01,1.513760098023087153e+02,0.000000000000000000e+00,1.304213667631903206e+01,4.444444444444514808e+00,3.415947459655004081e+01,1.060142254896584575e+02,1.669463370475816433e+01,5.555555555555555003e+01,1.629919533755286665e+01,0.000000000000000000e+00,0.000000000000000000e+00,2.800000000000000000e+01,4.385475089310842378e+01,8.372401444701328188e+00,0.000000000000000000e+00
2.000000000000000000e+00,1.748658112076354598e+01,7.494785824402248409e+01,1.020017002665857930e+01,0.000000000000000000e+00,6.242023325213312823e+00,4.444444444444451392e+01,-3.154780156846962313e+01,4.340005667555286095e+01,1.209385546906236897e+01,4.000000000000000000e+01,3.494785824402248409e+01,0.000000000000000000e+00,0.000000000000000000e+00,2.800000000000000000e+01,4.694785824402249119e+01,8.033858095233793462e-01,0.000000000000000000e+00
2.000000000000000000e+00,5.068646776965782408e+01,7.494785824402248409e+01,8.248949549186559693e+01,0.000000000000000000e+00,3.124902633063624791e+01,8.888888888888956785e+00,-3.006915302289499436e+00,7.194094294173298465e+01,1.318018527526615102e+01,4.444444444444444287e+01,3.050341379957804122e+01,0.000000000000000000e+00,0.000000000000000000e+00,2.800000000000000000e+01,4.694785824402249119e+01,8.033858095233793462e-01,0.000000000000000000e+00
2.000000000000000000e+00,4.013791521952520469e+01,7.994785824402248409e+01,5.613435393442127719e+01,0.000000000000000000e+00,4.927903743553940785e-01,6.888888888888895679e+01,5.430259734117932169e+00,8.537811797814040915e+01,1.981893191320154202e+01,6.666666666666667140e+01,1.328119157735581979e+01,0.000000000000000000e+00,0.000000000000000000e+00,3.300000000000000000e+01,2.560792267855772408e+01,0.000000000000000000e+00,0.000000000000000000e+00
2.000000000000000000e+00,6.938167926324435086e+01,7.962183145066121881e+01,1.742303249574344193e+02,0.000000000000000000e+00,4.339240402732443158e+00,1.333333333333340143e+01,4.289938797959470662e+01,1.225212194302559254e+02,1.935879057161891836e+01,6.444444444444444287e+01,1.517738700621677772e+01,0.000000000000000000e+00,0.000000000000000000e+00,3.300000000000000000e+01,2.543008988217884792e+01,0.000000000000000000e+00,0.000000000000000000e+00
2.000000000000000000e+00,1.767257373606584281e+01,7.929806873225385289e+01,2.538103839113537674e+01,0.000000000000000000e+00,5.196325919753302713e+00,5.555555555555562108e+01,-1.083772260187539871e+01,6.846034613037845418e+01,1.845528181421217084e+01,6.000000000000000000e+01,1.929806873225385644e+01,0.000000000000000000e+00,0.000000000000000000e+00,3.300000000000000000e+01,2.525349203577482982e+01,0.000000000000000000e+00,0.000000000000000000e+00
2.000000000000000000e+00,6.075188147530892024e+01,7.897655436605765544e+01,4.287225549048236495e+00,0.000000000000000000e+00,2.338175553721145050e+00,1.288888888888889426e+02,-4.214145849708245350e+00,7.476240851634941009e+01,2.284817092619918455e+01,7.333333333333334281e+01,5.643221032724314412e+00,0.000000000000000000e+00,0.000000000000000000e+00,3.300000000000000000e+01,2.507812056330417150e+01,0.000000000000000000e+00,0.000000000000000000e+00
2.000000000000000000e+00,1.312270644426101001e+02,7.865727273851558721e+01,2.227668110865351707e+02,0.000000000000000000e+00,2.049363482936433911e+01,3.555555555555560687e+01,6.893166429032945075e+01,1.475889370288450380e+02,2.284817092619918455e+01,7.333333333333334281e+01,5.323939405182245288e+00,0.000000000000000000e+00,0.000000000000000000e+00,3.300000000000000000e+01,2.490396694828122293e+01,0.000000000000000000e+00,0.000000000000000000e+00
2.000000000000000000e+00,5.604919038491994598e+01,7.834020834449810877e+01,2.704294551621597620e+01,0.000000000000000000e+00,2.465004485220354979e+00,8.444444444444449971e+01,-2.043700428353722742e+01,5.790320406096088135e+01,1.455928745143834213e+01,4.888888888888888573e+01,2.945131945560922304e+01,0.000000000000000000e+00,0.000000000000000000e+00,3.300000000000000000e+01,4.534020834449810877e+01,7.758752230074541512e-01,0.000000000000000000e+00
2.000000000000000000e+00,8.690944892966484758e+01,7.834020834449810877e+01,1.223115695521933048e+02,0.000000000000000000e+00,4.092395811709148745e+01,1.555555555555561043e+01,1.354142595067744992e+01,9.188163429517555869e+01,1.462787611169849633e+01,5.111111111111110716e+01,2.722909723338699806e+01,0.000000000000000000e+00,0.000000000000000000e+00,3.300000000000000000e+01,2.473102273336260737e+01,0.000000000000000000e+00,0.000000000000000000e+00
2.000000000000000000e+00,5.647951367264710143e+01,7.802534578655020425e+01,5.729539879828779902e+01,0.000000000000000000e+00,2.717147002934406430e+01,4.000000000000005684e+01,-1.003799063156539262e+01,6.798735515498481163e+01,1.371091856946661203e+01,4.888888888888888573e+01,2.913645689766131852e+01,0.000000000000000000e+00,0.000000000000000000e+00,3.300000000000000000e+01,2.455927951993647795e+01,0.000000000000000000e+00,0.000000000000000000e+00
2.000000000000000000e+00,6.717147002934412114e+01,7.771266977414359189e+01,2.229464105498726667e+01,0.000000000000000000e+00,1.230837599268588534e+01,8.666666666666672825e+01,-2.361445608914783634e+01,5.409821368499575556e+01,1.418774189809906261e+01,4.666666666666666430e+01,3.104600310747693470e+01,0.000000000000000000e+00,0.000000000000000000e+00,3.300000000000000000e+01,2.438872896771469456e+01,0.000000000000000000e+00,0.000000000000000000e+00
2.000000000000000000e+00,9.897504265935261003e+01,7.740216512293427797e+01,1.208062396514257841e+01,0.000000000000000000e+00,4.254626682590833653e+00,1.600000000000000568e+02,-4.195713455342797715e-02,7.736020798838085000e+01,2.242841375357722455e+01,7.333333333333332860e+01,4.068831789600944049e+00,0.000000000000000000e+00,0.000000000000000000e+00,3.300000000000000000e+01,2.421936279432778960e+01,0.000000000000000000e+00,0.000000000000000000e+00
2.000000000000000000e+00,1.642546266825908958e+02,7.709381675402501344e+01,2.822252891859047850e+02,0.000000000000000000e+00,2.943776722532101076e+01,2.000000000000005684e+01,9.031461297460995752e+01,1.674084297286349852e+02,2.242841375357722455e+01,7.333333333333332860e+01,3.760483420691678624e+00,0.000000000000000000e+00,0.000000000000000000e+00,3.300000000000000000e+01,4.409381675402501344e+01,7.545465968603209950e-01,0.000000000000000000e+00
2.000000000000000000e+00,4.943776722532106760e+01,7.709381675402499923e+01,4.420500452656620638e+01,0.000000000000000000e+00,2.663443087427686962e+01,4.000000000000005684e+01,-1.569214857850292333e+01,6.140166817552207590e+01,1.437400990310214510e+01,4.666666666666666430e+01,3.042715008735834203e+01,0.000000000000000000e+00,0.000000000000000000e+00,3.300000000000000000e+01,4.409381675402501344e+01,7.545465968603209950e-01,0.000000000000000000e+00
2.000000000000000000e+00,6.663443087427693001e+01,7.709381675402499923e+01,3.437780659177101938e+01,0.000000000000000000e+00,3.715893146429522176e+00,8.666666666666672825e+01,-1.896788122343465943e+01,5.812593553059033979e+01,1.427869053247825271e+01,4.666666666666666430e+01,3.042715008735834203e+01,0.000000000000000000e+00,0.000000000000000000e+00,3.300000000000000000e+01,2.405117277492273331e+01,0.000000000000000000e+00,0.000000000000000000e+00
2.000000000000000000e+00,9.038255981309625042e+01,7.678760969323316488e+01,1.359943903141096655e+02,0.000000000000000000e+00,3.305296627035640711e+01,1.333333333333339432e+01,1.521052041147004275e+01,9.199813010470320762e+01,1.427869053247825271e+01,4.666666666666666430e+01,3.012094302656650413e+01,0.000000000000000000e+00,0.000000000000000000e+00,3.300000000000000000e+01,4.378760969323317198e+01,7.493066899376797929e-01,0.000000000000000000e+00
2.000000000000000000e+00,4.638629960368979965e+01,7.678760969323316488e+01,2.790148607135092718e+01,0.000000000000000000e+00,1.445197555612245566e+01,7.333333333333339965e+01,-7.487114336116185598e+00,6.930049535711697217e+01,1.811788072028307184e+01,5.999999999999999289e+01,1.678760969323317198e+01,0.000000000000000000e+00,0.000000000000000000e+00,3.300000000000000000e+01,4.378760969323317198e+01,7.493066899376797929e-01,0.000000000000000000e+00
2.000000000000000000e+00,8.778530888945584820e+01,7.678760969323315067e+01,5.877319572000737935e+01,0.000000000000000000e+00,1.936511742784198020e+00,1.177777777777778425e+02,1.391456665788041391e+01,9.070217635111356458e+01,2.148292539197936790e+01,7.111111111111110006e+01,5.676498582122055048e+00,0.000000000000000000e+00,0.000000000000000000e+00,3.300000000000000000e+01,4.378760969323317198e+01,7.493066899376797929e-01,0.000000000000000000e+00
2.000000000000000000e+00,1.197142895205620334e+02,7.678760969323316488e+01,2.461879062300301939e+02,0.000000000000000000e+00,2.003346314498631386e+01,7.460698725481051952e-14,6.971947016122140894e+01,1.465070798544545596e+02,1.959915334865112513e+01,6.444444444444444287e+01,1.234316524878872201e+01,0.000000000000000000e+00,0.000000000000000000e+00,3.300000000000000000e+01,4.378760969323317198e+01,7.493066899376797929e-01,0.000000000000000000e+00
2.000000000000000000e+00,2.003346314498638847e+01,7.678760969323316488e+01,2.537119041278381815e+01,0.000000000000000000e+00,3.119336203130433915e+00,6.444444444444451392e+01,-3.886101777860790918e+00,7.290150791537237751e+01,1.894616363404790249e+01,6.444444444444444287e+01,1.234316524878872201e+01,0.000000000000000000e+00,0.000000000000000000e+00,3.300000000000000000e+01,4.378760969323317198e+01,5.541479944985650441e+00,0.000000000000000000e+00
2.000000000000000000e+00,6.756378064757494428e+01,7.873235014178779068e+01,5.898749509495799970e+01,0.000000000000000000e+00,1.268322836204731630e+01,8.000000000000007105e+01,5.374592667642644983e+00,8.410694280943043566e+01,1.894616363404790249e+01,6.444444444444444287e+01,1.428790569734334426e+01,0.000000000000000000e+00,0.000000000000000000e+00,3.300000000000000000e+01,4.573235014178779068e+01,7.825856708755130065e-01,0.000000000000000000e+00
2.000000000000000000e+00,9.268322836204738735e+01,7.873235014178779068e+01,1.822377950909061326e+02,0.000000000000000000e+00,1.119136496810989456e+01,3.111111111111118532e+01,5.312469266629203446e+01,1.318570428080798251e+02,2.151965187205902907e+01,7.111111111111111427e+01,7.621239030676678183e+00,0.000000000000000000e+00,0.000000000000000000e+00,3.300000000000000000e+01,4.573235014178779068e+01,1.235042716890010439e+01,0.000000000000000000e+00
2.000000000000000000e+00,4.230247607922107989e+01,8.342676498582120814e+01,1.012390003796038762e+01,0.000000000000000000e+00,4.442098276136302815e+00,9.111111111111118532e+01,-2.005213163983441405e+01,6.337463334598679410e+01,1.847392026685049871e+01,6.000000000000000000e+01,2.342676498582120814e+01,0.000000000000000000e+00,0.000000000000000000e+00,3.300000000000000000e+01,5.042676498582120814e+01,1.777672198899233180e+01,0.000000000000000000e+00
2.000000000000000000e+00,9.555320938724749169e+01,9.029065683475118931e+01,6.397114051695000470e+00,0.000000000000000000e+00,1.773555750063025016e-01,1.511111111111111995e+02,-2.815828548418618027e+01,6.213237135056500904e+01,1.847392026685049871e+01,6.000000000000000000e+01,3.029065683475119641e+01,0.000000000000000000e+00,0.000000000000000000e+00,3.300000000000000000e+01,5.729065683475120352e+01,9.803748763165979208e-01,0.000000000000000000e+00
2.000000000000000000e+00,1.512884666861174878e+02,1.022906568347512035e+02,1.789417283156017788e+02,0.000000000000000000e+00,5.327314475716249831e+00,9.111111111111118532e+01,2.180103038156056527e+01,1.240916872163117688e+02,1.983344613227387754e+01,6.444444444444444287e+01,3.784621239030676065e+01,0.000000000000000000e+00,0.000000000000000000e+00,4.500000000000000000e+01,5.729065683475120352e+01,9.803748763165979208e-01,0.000000000000000000e+00
2.000000000000000000e+00,9.643842558682743515e+01,1.022906568347511893e+02,1.173809382141675570e+02,0.000000000000000000e+00,4.262891122182675474e+01,7.555555555555562819e+01,3.683632256997131549e+01,1.391269794047225048e+02,2.999609529301413957e+01,9.999999999999998579e+01,2.290656834751204407e+00,0.000000000000000000e+00,0.000000000000000000e+00,4.500000000000000000e+01,5.729065683475120352e+01,9.803748763165979208e-01,0.000000000000000000e+00
2.000000000000000000e+00,1.181844667773823829e+02,1.022906568347512177e+02,4.084455763970484554e+01,0.000000000000000000e+00,1.539920612869018868e+01,1.466666666666667425e+02,-1.756469317707181688e+01,8.472596365767940085e+01,2.111763704965862942e+01,7.111111111111111427e+01,3.117954572364009636e+01,0.000000000000000000e+00,0.000000000000000000e+00,4.500000000000000000e+01,5.729065683475120352e+01,9.803748763165979208e-01,0.000000000000000000e+00
2.000000000000000000e+00,1.620658727953569382e+02,1.022906568347512177e+02,2.297468399285027658e+02,0.000000000000000000e+00,2.001242395413279951e+01,8.000000000000008527e+01,6.540273425252749462e+01,1.676933910872787123e+02,2.722571319752307062e+01,9.111111111111111427e+01,1.117954572364009991e+01,0.000000000000000000e+00,0.000000000000000000e+00,4.500000000000000000e+01,5.729065683475120352e+01,9.803748763165979208e-01,0.000000000000000000e+00
2.000000000000000000e+00,1.000124239541328848e+02,1.022906568347512035e+02,1.119480590000852942e+02,0.000000000000000000e+00,2.538038462074260337e+01,9.555555555555565661e+01,3.058091838749948010e+01,1.328715752222506694e+02,2.916053328207571838e+01,9.555555555555555713e+01,6.735101279195651713e+00,0.000000000000000000e+00,0.000000000000000000e+00,4.500000000000000000e+01,5.729065683475120352e+01,2.037134740894392948e+01,0.000000000000000000e+00
2.000000000000000000e+00,1.209359401762982600e+02,1.101598232054137725e+02,1.473486852779858509e+02,0.000000000000000000e+00,3.825903887986314089e+01,6.888888888888898521e+01,2.340084966502595876e+01,1.335606728704397312e+02,2.584214921950292876e+01,8.444444444444444287e+01,2.571537876096932962e+01,0.000000000000000000e+00,0.000000000000000000e+00,4.500000000000000000e+01,6.515982320541377248e+01,1.115034407793176641e+00,0.000000000000000000e+00
2.000000000000000000e+00,1.071479277687521261e+02,1.101598232054137583e+02,1.678098721683500685e+02,0.000000000000000000e+00,6.385790767629771381e+00,8.666666666666677088e+01,4.355457862848068373e+01,1.537144018338944420e+02,2.979857297414667983e+01,9.777777777777777146e+01,1.238204542763599036e+01,0.000000000000000000e+00,0.000000000000000000e+00,4.500000000000000000e+01,6.515982320541377248e+01,1.115034407793176641e+00,0.000000000000000000e+00
2.000000000000000000e+00,9.305245743429654226e+01,1.101598232054137583e+02,1.409488538944371498e+02,0.000000000000000000e+00,5.019766594911611435e+01,4.222222222222232801e+01,3.015646142606529168e+01,1.403162846314790499e+02,2.814106045239169163e+01,9.333333333333332860e+01,1.682648987208042968e+01,0.000000000000000000e+00,0.000000000000000000e+00,4.500000000000000000e+01,6.515982320541377248e+01,1.115034407793176641e+00,0.000000000000000000e+00
2.000000000000000000e+00,9.241988817133844236e+01,1.101598232054137583e+02,1.155367609086800229e+02,0.000000000000000000e+00,8.728714232218322877e+00,1.066666666666667709e+02,2.835243043081293024e+01,1.385122536362266885e+02,3.001250664172152582e+01,1.000000000000000000e+02,1.015982320541376183e+01,0.000000000000000000e+00,0.000000000000000000e+00,4.500000000000000000e+01,6.515982320541377248e+01,1.115034407793176641e+00,0.000000000000000000e+00
2.000000000000000000e+00,1.153953808988850938e+02,1.101598232054137725e+02,1.754872940319837085e+02,0.000000000000000000e+00,1.618162932200698378e+01,7.333333333333342807e+01,3.944705258302525408e+01,1.496068757884390266e+02,2.764365960817015733e+01,9.111111111111111427e+01,1.904871209430265111e+01,0.000000000000000000e+00,0.000000000000000000e+00,4.500000000000000000e+01,3.554172174840751097e+01,0.000000000000000000e+00,0.000000000000000000e+00
2.000000000000000000e+00,8.951496265534041186e+01,1.097073244331539428e+02,1.033889213998675984e+02,0.000000000000000000e+00,9.477903944317475293e+00,9.111111111111119953e+01,4.755649366801932842e+00,1.144629737999558756e+02,2.384957650780293292e+01,8.000000000000000000e+01,2.970732443315394278e+01,0.000000000000000000e+00,0.000000000000000000e+00,4.500000000000000000e+01,3.529490423626578632e+01,0.000000000000000000e+00,0.000000000000000000e+00
2.000000000000000000e+00,1.005890150554286748e+02,1.092579680134792568e+02,7.839368704089859818e+01,0.000000000000000000e+00,1.054877925038507414e+01,1.333333333333334281e+02,1.242881655570916166e+01,1.216867845691884185e+02,2.860427760968731548e+01,9.555555555555555713e+01,1.370241245792370322e+01,0.000000000000000000e+00,0.000000000000000000e+00,4.500000000000000000e+01,3.504980073462505885e+01,0.000000000000000000e+00,0.000000000000000000e+00
2.000000000000000000e+00,1.438821125837185093e+02,1.088117321244967712e+02,8.211355896323691894e+00,0.000000000000000000e+00,5.074541986169279539e+00,2.222222222222222854e+02,-1.718572460350004860e+01,9.162600752099672263e+01,2.640031887674046374e+01,8.888888888888889994e+01,1.992284323560787129e+01,0.000000000000000000e+00,0.000000000000000000e+00,4.500000000000000000e+01,3.480639934063460572e+01,0.000000000000000000e+00,0.000000000000000000e+00
2.000000000000000000e+00,2.272967642083915507e+02,1.083685950958544311e+02,2.976644316920844631e+02,0.000000000000000000e+00,1.044093653025574611e+02,1.333333333333338011e+01,7.974177102372937043e+01,1.881103661195838015e+02,2.640031887674046374e+01,8.888888888888889994e+01,1.947970620696553112e+01,0.000000000000000000e+00,0.000000000000000000e+00,4.500000000000000000e+01,3.456468823410241242e+01,0.000000000000000000e+00,0.000000000000000000e+00
2.000000000000000000e+00,1.177426986358908465e+02,1.079285354076887558e+02,8.347868999162729153e+01,0.000000000000000000e+00,4.875690530813926671e+01,9.333333333333338544e+01,-1.023054104796869979e-01,1.078262299972090688e+02,2.438680484006577487e+01,8.000000000000000000e+01,2.792853540768875575e+01,0.000000000000000000e+00,0.000000000000000000e+00,4.500000000000000000e+01,3.432465567692114661e+01,0.000000000000000000e+00,0.000000000000000000e+00
2.000000000000000000e+00,1.420902386414726379e+02,1.074915316895798014e+02,3.284204284533984719e+02,0.000000000000000000e+00,3.143286339206952107e+00,5.684341886080801487e-14,8.198194446155304149e+01,1.894734761511328429e+02,2.438680484006577487e+01,8.000000000000000000e+01,2.749153168957980142e+01,0.000000000000000000e+00,0.000000000000000000e+00,4.500000000000000000e+01,3.408629001249808965e+01,0.000000000000000000e+00,0.000000000000000000e+00
2.000000000000000000e+00,3.143286339207008950e+00,1.070575627195132711e+02,2.866984520730153640e+00,0.000000000000000000e+00,1.231963325386849606e+00,7.333333333333338544e+01,-3.276856787926989512e+01,7.428899484024337596e+01,2.272957947227614284e+01,7.333333333333332860e+01,3.372422938617994248e+01,0.000000000000000000e+00,0.000000000000000000e+00,4.500000000000000000e+01,3.384957966518907568e+01,0.000000000000000000e+00,0.000000000000000000e+00
2.000000000000000000e+00,7.456529665872022861e+01,1.066266074228499861e+02,1.400486592128855250e+02,0.000000000000000000e+00,5.453285718346316457e+01,5.684341886080801487e-14,1.338961231477853175e+01,1.200162197376285178e+02,2.272957947227614284e+01,7.333333333333332860e+01,3.329327408951665035e+01,0.000000000000000000e+00,0.000000000000000000e+00,4.500000000000000000e+01,3.361451313973636701e+01,0.000000000000000000e+00,0.000000000000000000e+00
2.000000000000000000e+00,5.453285718346322142e+01,1.061986448713024060e+02,6.743396057401005805e+01,0.000000000000000000e+00,9.576883467456454468e+00,9.333333333333338544e+01,9.612675320034270499e+00,1.158113201913366765e+02,2.829129514341215668e+01,9.333333333333332860e+01,1.286531153796908455e+01,0.000000000000000000e+00,0.000000000000000000e+00,4.500000000000000000e+01,3.338107902071042332e+01,0.000000000000000000e+00,0.000000000000000000e+00
2.000000000000000000e+00,1.029102168007898399e+02,1.057736542819183683e+02,1.185173453075893057e+01,0.000000000000000000e+00,1.675727113617167419e+00,1.866666666666667425e+02,-8.489742771665362397e+00,9.728391151025300587e+01,2.829129514341215668e+01,9.333333333333332860e+01,1.244032094858503967e+01,0.000000000000000000e+00,0.000000000000000000e+00,4.500000000000000000e+01,3.314926597195549363e+01,0.000000000000000000e+00,0.000000000000000000e+00
2.000000000000000000e+00,1.883423937802839134e+02,1.053516150160717046e+02,4.022776391941779366e+02,0.000000000000000000e+00,1.349063431749851816e+01,8.526512829121202230e-14,1.220742647153208793e+02,2.274258797313925697e+02,2.829129514341215668e+01,9.333333333333332860e+01,1.201828168273837960e+01,0.000000000000000000e+00,0.000000000000000000e+00,4.500000000000000000e+01,3.291906273603913036e+01,0.000000000000000000e+00,0.000000000000000000e+00
2.000000000000000000e+00,1.349063431749860342e+01,1.049325065784601065e+02,1.818082057076657776e+01,0.000000000000000000e+00,1.370087270320798467e+00,8.888888888888897100e+01,-9.983344165982373397e+00,9.494916241247773314e+01,2.610491771970371033e+01,8.888888888888888573e+01,1.604361768957122081e+01,0.000000000000000000e+00,0.000000000000000000e+00,4.500000000000000000e+01,3.269045813370552622e+01,0.000000000000000000e+00,0.000000000000000000e+00
