2.000000000000000000e+00,0.000000000000000000e+00,4.405796935093837163e+01,0.000000000000000000e+00,0.000000000000000000e+00,0.000000000000000000e+00,0.000000000000000000e+00,-4.405796935093837163e+01,0.000000000000000000e+00,0.000000000000000000e+00,0.000000000000000000e+00,4.405796935093837163e+01,0.000000000000000000e+00,0.000000000000000000e+00,1.900000000000000000e+01,1.366798328233002024e+01,0.000000000000000000e+00,0.000000000000000000e+00
2.000000000000000000e+00,0.000000000000000000e+00,4.405796935093836453e+01,0.000000000000000000e+00,0.000000000000000000e+00,0.000000000000000000e+00,2.444444444444444287e+01,-1.961352490649392166e+01,2.444444444444444287e+01,7.651713309927690609e+00,2.444444444444444287e+01,1.961352490649392166e+01,0.000000000000000000e+00,0.000000000000000000e+00,1.900000000000000000e+01,1.366798328233002024e+01,0.000000000000000000e+00,0.000000000000000000e+00
2.000000000000000000e+00,2.444444444444444287e+01,4.405796935093836453e+01,0.000000000000000000e+00,0.000000000000000000e+00,0.000000000000000000e+00,5.777777777777777146e+01,-1.072463601760503593e+01,3.333333333333332860e+01,1.017883160885885729e+01,3.333333333333332860e+01,1.072463601760503416e+01,0.000000000000000000e+00,0.000000000000000000e+00,1.900000000000000000e+01,1.366798328233002024e+01,0.000000000000000000e+00,0.000000000000000000e+00
2.000000000000000000e+00,5.777777777777777146e+01,4.405796935093836453e+01,0.000000000000000000e+00,0.000000000000000000e+00,0.000000000000000000e+00,9.333333333333332860e+01,-8.502413795382807393e+00,3.555555555555555713e+01,1.054211322615398672e+01,3.555555555555555003e+01,8.502413795382812722e+00,0.000000000000000000e+00,0.000000000000000000e+00,1.900000000000000000e+01,1.366798328233002024e+01,0.000000000000000000e+00,0.000000000000000000e+00
2.000000000000000000e+00,9.333333333333332860e+01,4.405796935093836453e+01,9.927169637673503644e+01,0.000000000000000000e+00,3.159664685995441857e+01,3.111111111111111072e+01,2.458815166352889037e+01,6.864612101446725489e+01,1.054211322615398672e+01,3.555555555555555003e+01,8.502413795382812722e+00,0.000000000000000000e+00,0.000000000000000000e+00,1.900000000000000000e+01,1.366798328233002024e+01,0.000000000000000000e+00,0.000000000000000000e+00
2.000000000000000000e+00,6.270775797106553284e+01,4.405796935093837163e+01,7.470982822474459795e+01,0.000000000000000000e+00,2.401231693234691988e+01,2.444444444444444287e+01,1.640086227953206333e+01,6.045883163047043496e+01,1.016444668867313439e+01,3.555555555555555713e+01,8.502413795382812722e+00,0.000000000000000000e+00,0.000000000000000000e+00,1.900000000000000000e+01,1.366798328233002024e+01,0.000000000000000000e+00,0.000000000000000000e+00
2.000000000000000000e+00,4.845676137679136275e+01,4.405796935093836453e+01,6.129856974275234904e+01,0.000000000000000000e+00,3.203549265940090862e+01,0.000000000000000000e+00,8.193316744235232818e-01,4.487730102536188781e+01,7.274046772446837394e+00,2.444444444444444287e+01,1.961352490649392166e+01,0.000000000000000000e+00,0.000000000000000000e+00,1.900000000000000000e+01,1.366798328233002024e+01,0.000000000000000000e+00,0.000000000000000000e+00
2.000000000000000000e+00,3.203549265940090862e+01,4.405796935093837163e+01,4.801474273914819690e+01,0.000000000000000000e+00,2.566416663544401899e-02,4.000000000000000000e+01,1.194694489544436067e+01,5.600491424638273230e+01,1.250407157436506367e+01,4.000000000000000000e+01,4.057969350938368969e+00,0.000000000000000000e+00,0.000000000000000000e+00,1.900000000000000000e+01,1.366798328233002024e+01,0.000000000000000000e+00,0.000000000000000000e+00
2.000000000000000000e+00,4.002566416663544402e+01,4.405796935093837163e+01,1.034802766600053445e+02,0.000000000000000000e+00,1.103881305996520723e+01,0.000000000000000000e+00,3.043545620239674321e+01,7.449342555333511484e+01,1.250407157436506367e+01,4.000000000000000000e+01,4.057969350938368969e+00,0.000000000000000000e+00,0.000000000000000000e+00,1.900000000000000000e+01,1.366798328233002024e+01,0.000000000000000000e+00,0.000000000000000000e+00
2.000000000000000000e+00,1.103881305996520723e+01,4.405796935093836453e+01,9.965877758648712614e+00,0.000000000000000000e+00,4.394894554199398229e+00,2.888888888888888573e+01,-1.184712120916657341e+01,3.221084814177179112e+01,8.857505898747477957e+00,2.888888888888888573e+01,1.516908046204947880e+01,0.000000000000000000e+00,0.000000000000000000e+00,1.900000000000000000e+01,1.366798328233002024e+01,0.000000000000000000e+00,0.000000000000000000e+00
2.000000000000000000e+00,3.328378344308828218e+01,4.405796935093836453e+01,5.127862045838509353e+00,0.000000000000000000e+00,9.763198569737254751e-01,5.777777777777777146e+01,-1.345979311343663909e+01,3.059817623750172544e+01,8.857505898747477957e+00,2.888888888888888573e+01,1.516908046204947880e+01,0.000000000000000000e+00,0.000000000000000000e+00,1.900000000000000000e+01,1.366798328233002024e+01,0.000000000000000000e+00,0.000000000000000000e+00
2.000000000000000000e+00,5.875409763475149560e+01,6.205796935093836453e+01,1.086124134357950854e+00,0.000000000000000000e+00,2.522371007350916461e-01,8.666666666666665719e+01,-3.280703908393017088e+01,2.925093026700819365e+01,8.857505898747477957e+00,2.888888888888888573e+01,3.316908046204947880e+01,0.000000000000000000e+00,0.000000000000000000e+00,3.700000000000000000e+01,2.505796935093837163e+01,4.996578608192171345e+01,0.000000000000000000e+00
2.000000000000000000e+00,8.691890376740174418e+01,8.216086973157283069e+01,1.644034405305362725e+02,0.000000000000000000e+00,6.205498969266443510e+00,4.444444444444444287e+01,4.597361044527259821e+01,1.281344801768454431e+02,2.241141846740112342e+01,7.333333333333332860e+01,8.827536398239494986e+00,0.000000000000000000e+00,0.000000000000000000e+00,3.700000000000000000e+01,4.516086973157283069e+01,7.728063269573959282e-01,0.000000000000000000e+00
2.000000000000000000e+00,5.064994341371088638e+01,8.216086973157283069e+01,1.079888782423610678e+02,0.000000000000000000e+00,8.795801410257411135e-01,5.777777777777777146e+01,3.383542301588086332e+01,1.159962927474536940e+02,2.446655089373928149e+01,8.000000000000000000e+01,2.160869731572828023e+00,0.000000000000000000e+00,0.000000000000000000e+00,3.700000000000000000e+01,4.516086973157283069e+01,1.388969590161173251e+01,0.000000000000000000e+00
2.000000000000000000e+00,5.865735791880351258e+01,8.748391302684271409e+01,1.070895557630498596e+00,0.000000000000000000e+00,1.656497692720754200e-01,1.133333333333333286e+02,-3.157139228541032594e+01,5.591252074143238815e+01,1.671445698699743687e+01,5.555555555555555713e+01,3.192835747128715695e+01,0.000000000000000000e+00,0.000000000000000000e+00,3.700000000000000000e+01,5.048391302684271409e+01,5.575736292191773025e+00,0.000000000000000000e+00
2.000000000000000000e+00,1.134989831026054077e+02,8.939605314176016293e+01,3.830476319749441672e+01,0.000000000000000000e+00,1.907358541538690488e+01,1.488888888888888857e+02,3.372201257404640273e+00,9.276825439916480320e+01,2.419500881126133152e+01,8.000000000000000000e+01,9.396053141760162930e+00,0.000000000000000000e+00,0.000000000000000000e+00,3.700000000000000000e+01,5.239605314176017004e+01,8.966169521584625990e-01,0.000000000000000000e+00
2.000000000000000000e+00,1.679624743042757871e+02,8.939605314176017714e+01,2.067120518922782253e+02,0.000000000000000000e+00,2.348777304275697020e+01,8.222222222222221433e+01,5.506351971122143141e+01,1.444595728529816085e+02,2.268781769363336664e+01,7.555555555555555713e+01,1.384049758620461290e+01,0.000000000000000000e+00,0.000000000000000000e+00,3.700000000000000000e+01,5.239605314176017004e+01,8.966169521584625990e-01,0.000000000000000000e+00
2.000000000000000000e+00,1.057099952649791845e+02,8.939605314176014872e+01,7.019485332151447210e+01,0.000000000000000000e+00,1.224675971730287927e+01,1.200000000000000000e+02,7.335564632078032332e+00,9.673161777383818105e+01,2.184156831534747667e+01,7.333333333333332860e+01,1.606271980842682723e+01,0.000000000000000000e+00,0.000000000000000000e+00,3.700000000000000000e+01,5.239605314176017004e+01,8.966169521584625990e-01,0.000000000000000000e+00
2.000000000000000000e+00,1.322467597173028935e+02,8.939605314176016293e+01,1.140123560186264342e+02,0.000000000000000000e+00,3.401630014932969459e+01,8.666666666666667140e+01,1.305250997555975800e+01,1.024485631173199209e+02,1.913564699723124107e+01,6.444444444444444287e+01,2.495160869731572006e+01,0.000000000000000000e+00,0.000000000000000000e+00,3.700000000000000000e+01,5.239605314176017004e+01,8.966169521584625990e-01,0.000000000000000000e+00
2.000000000000000000e+00,1.206829668159963660e+02,8.939605314176017714e+01,6.857164963417970682e+01,0.000000000000000000e+00,1.496853372654322101e+01,1.355555555555555429e+02,9.016718958521948935e+00,9.841277210028212608e+01,2.247846585452067814e+01,7.555555555555555713e+01,1.384049758620461290e+01,0.000000000000000000e+00,0.000000000000000000e+00,3.700000000000000000e+01,5.239605314176017004e+01,8.966169521584625990e-01,0.000000000000000000e+00
2.000000000000000000e+00,1.505240892820987710e+02,8.939605314176016293e+01,1.741691913737552113e+02,0.000000000000000000e+00,1.033001839218175490e+02,-1.421085471520200372e-14,3.754923287171379798e+01,1.269452860134739609e+02,2.088975962835308309e+01,6.888888888888888573e+01,2.050716425287127720e+01,0.000000000000000000e+00,0.000000000000000000e+00,3.700000000000000000e+01,5.239605314176017004e+01,8.966169521584625990e-01,0.000000000000000000e+00
2.000000000000000000e+00,1.033001839218175348e+02,9.039605314176016293e+01,1.112243281129074717e+02,0.000000000000000000e+00,2.915063184654590600e+01,8.444444444444442865e+01,3.112316734032012278e+01,1.215192204820802857e+02,2.592643826329905465e+01,8.444444444444444287e+01,5.951608697315721841e+00,0.000000000000000000e+00,0.000000000000000000e+00,3.800000000000000000e+01,5.239605314176017004e+01,8.966169521584625990e-01,0.000000000000000000e+00
2.000000000000000000e+00,1.135950762909903347e+02,9.039605314176016293e+01,9.198908147490369913e+01,0.000000000000000000e+00,5.671346641883232564e+01,7.999999999999998579e+01,2.471141846098549877e+01,1.151074716027456617e+02,2.592643826329905465e+01,8.444444444444444287e+01,5.951608697315721841e+00,0.000000000000000000e+00,0.000000000000000000e+00,3.800000000000000000e+01,5.239605314176017004e+01,8.966169521584625990e-01,0.000000000000000000e+00
2.000000000000000000e+00,1.367134664188322972e+02,9.039605314176016293e+01,2.343109907299112820e+02,0.000000000000000000e+00,2.050613926555814714e+01,4.444444444444442865e+01,7.215205487932138340e+01,1.625481080210815321e+02,2.581129253923760558e+01,8.444444444444444287e+01,5.951608697315721841e+00,0.000000000000000000e+00,0.000000000000000000e+00,3.800000000000000000e+01,2.857966535005100539e+01,0.000000000000000000e+00,0.000000000000000000e+00
2.000000000000000000e+00,6.495058371000257580e+01,9.003219166160904763e+01,1.628593745490485674e+02,0.000000000000000000e+00,8.221117884146593724e-01,3.111111111111110006e+01,3.980982207696270336e+01,1.298420137385717510e+02,2.301844764718173053e+01,7.555555555555555713e+01,1.447663610605349405e+01,0.000000000000000000e+00,0.000000000000000000e+00,3.800000000000000000e+01,2.838119545178676617e+01,0.000000000000000000e+00,0.000000000000000000e+00
2.000000000000000000e+00,3.193322289952575943e+01,8.967085699729231862e+01,9.808338508839113956e-01,0.000000000000000000e+00,1.682225544920518123e-01,1.111111111111111143e+02,-9.343912380331005352e+00,8.032694461696131327e+01,2.397928110927206902e+01,8.000000000000000000e+01,9.670856997292322177e+00,0.000000000000000000e+00,0.000000000000000000e+00,3.800000000000000000e+01,2.818410381670491560e+01,0.000000000000000000e+00,0.000000000000000000e+00
2.000000000000000000e+00,1.112793336656031613e+02,8.931203160147779840e+01,1.029040837743274039e+02,0.000000000000000000e+00,7.121055593829339614e+00,1.155555555555555713e+02,2.498932965663135519e+01,1.143013612581091536e+02,2.397928110927206902e+01,8.000000000000000000e+01,9.312031601477794851e+00,0.000000000000000000e+00,0.000000000000000000e+00,3.800000000000000000e+01,2.798838087353334814e+01,0.000000000000000000e+00,0.000000000000000000e+00
2.000000000000000000e+00,1.226766111493849110e+02,8.895569804868975439e+01,1.477937479626387756e+02,0.000000000000000000e+00,6.636966806318126544e+01,4.222222222222222854e+01,4.475332904996758998e+01,1.337090270986573444e+02,2.506802312190801274e+01,8.444444444444444287e+01,4.511253604245313298e+00,0.000000000000000000e+00,0.000000000000000000e+00,3.800000000000000000e+01,2.779401711746714909e+01,0.000000000000000000e+00,0.000000000000000000e+00
2.000000000000000000e+00,1.085918902854034940e+02,8.860183903446274201e+01,1.608395928000132926e+02,0.000000000000000000e+00,1.247660619650572755e+01,7.111111111111111427e+01,4.723358078776392688e+01,1.358354198222266689e+02,2.488437450562878084e+01,8.222222222222221433e+01,6.379616812240523238e+00,0.000000000000000000e+00,0.000000000000000000e+00,3.800000000000000000e+01,2.760100310970695503e+01,0.000000000000000000e+00,0.000000000000000000e+00
2.000000000000000000e+00,8.358771730761684182e+01,8.825043737450120318e+01,1.124921476705721943e+02,0.000000000000000000e+00,3.081517441612426467e+01,3.777777777777779278e+01,9.246945182356199666e+00,9.749738255685740285e+01,1.734002888093112560e+01,6.000000000000000000e+01,2.825043737450119963e+01,0.000000000000000000e+00,0.000000000000000000e+00,3.800000000000000000e+01,2.740932947700065725e+01,0.000000000000000000e+00,0.000000000000000000e+00
2.000000000000000000e+00,6.859295219390205034e+01,8.790147600384493387e+01,6.108194953208777633e+01,0.000000000000000000e+00,3.453831917251019235e+01,5.777777777777779278e+01,-3.096381715371208543e+00,8.480509428847372533e+01,1.912098599404070498e+01,6.444444444444444287e+01,2.345703155940049101e+01,0.000000000000000000e+00,0.000000000000000000e+00,3.800000000000000000e+01,2.721898691118815350e+01,0.000000000000000000e+00,0.000000000000000000e+00
2.000000000000000000e+00,9.231609695028798512e+01,7.855493797604046335e+01,1.914788779282103519e+02,0.000000000000000000e+00,1.799684499814775052e+01,6.666666666666680285e+00,4.527135466669632535e+01,1.238262926427367887e+02,1.779681482799815839e+01,5.999999999999999289e+01,1.855493797604046335e+01,0.000000000000000000e+00,0.000000000000000000e+00,2.900000000000000000e+01,2.702996616874935043e+01,0.000000000000000000e+00,0.000000000000000000e+00
2.000000000000000000e+00,2.466351166481442903e+01,7.821080646231794731e+01,3.261628558577004355e+01,0.000000000000000000e+00,9.585987940967719112e+00,3.777777777777779278e+01,-2.289426682261682089e+01,5.531653963970112642e+01,1.356934940385113109e+01,4.444444444444444287e+01,3.376636201787351155e+01,0.000000000000000000e+00,0.000000000000000000e+00,2.900000000000000000e+01,2.684225807035525690e+01,0.000000000000000000e+00,0.000000000000000000e+00
2.000000000000000000e+00,4.736376571874551189e+01,7.786906475077408629e+01,1.309561268927844679e+01,0.000000000000000000e+00,8.555794814487551747e-01,1.022222222222222285e+02,-9.059416076570158793e+00,6.880964867420392750e+01,1.961899592206957621e+01,6.444444444444444287e+01,1.342462030632964343e+01,0.000000000000000000e+00,0.000000000000000000e+00,2.900000000000000000e+01,2.665585350042223567e+01,0.000000000000000000e+00,0.000000000000000000e+00
2.000000000000000000e+00,1.030778017036709855e+02,7.752969624556038752e+01,1.074363710502485958e+02,0.000000000000000000e+00,4.256466544794970730e+01,5.333333333333333570e+01,2.272687188230025868e+01,1.002565681278606462e+02,1.961899592206957621e+01,6.444444444444444287e+01,1.308525180111593755e+01,0.000000000000000000e+00,0.000000000000000000e+00,2.900000000000000000e+01,2.647074340666930325e+01,0.000000000000000000e+00,0.000000000000000000e+00
2.000000000000000000e+00,9.589799878128303590e+01,7.719268446607732415e+01,4.713535524924846953e+01,0.000000000000000000e+00,1.114109528178406094e+01,9.333333333333332860e+01,-2.148089938299450807e+01,5.571178508308281607e+01,1.179665645850000288e+01,4.000000000000000000e+01,3.719268446607732415e+01,0.000000000000000000e+00,0.000000000000000000e+00,2.900000000000000000e+01,2.628691879967854561e+01,0.000000000000000000e+00,0.000000000000000000e+00
2.000000000000000000e+00,1.044744286151173895e+02,7.685801304617399410e+01,1.334161140316657281e+02,0.000000000000000000e+00,2.886368592734022798e+01,4.444444444444444287e+01,2.539180274215901534e+01,1.022498157883330094e+02,1.690313127560155237e+01,5.777777777777777857e+01,1.908023526839622264e+01,0.000000000000000000e+00,0.000000000000000000e+00,2.900000000000000000e+01,2.610437075245856064e+01,0.000000000000000000e+00,0.000000000000000000e+00
2.000000000000000000e+00,7.330813037178467084e+01,7.652566573335336386e+01,1.145500156135674530e+02,0.000000000000000000e+00,2.805256440718414979e+01,3.333333333333333570e+01,2.610211724894689667e+01,1.026277829823002605e+02,1.897206072124802034e+01,6.444444444444445708e+01,1.208122128890890679e+01,0.000000000000000000e+00,0.000000000000000000e+00,2.900000000000000000e+01,2.592309040001093123e+01,0.000000000000000000e+00,0.000000000000000000e+00
2.000000000000000000e+00,6.138589774051748549e+01,7.619562638798284127e+01,2.363844536723827261e+01,0.000000000000000000e+00,1.229360082902530138e+01,9.555555555555555713e+01,-6.093922376681213393e+00,7.010170401130162077e+01,1.891564255329106103e+01,6.222222222222222143e+01,1.397340416576061806e+01,0.000000000000000000e+00,0.000000000000000000e+00,2.900000000000000000e+01,2.574306893889973935e+01,0.000000000000000000e+00,0.000000000000000000e+00
2.000000000000000000e+00,1.078491563845808514e+02,7.586787898251073159e+01,1.106991271144909028e+01,0.000000000000000000e+00,4.913659021392574822e+00,1.577777777777777715e+02,-9.955685856472157980e+00,6.591219312603857361e+01,1.891564255329106103e+01,6.222222222222222143e+01,1.364565676028851371e+01,0.000000000000000000e+00,0.000000000000000000e+00,2.900000000000000000e+01,2.556429762682404672e+01,0.000000000000000000e+00,0.000000000000000000e+00
2.000000000000000000e+00,1.626914367991703330e+02,7.554240760068773852e+01,1.992375827721901373e+02,0.000000000000000000e+00,9.208860383993246046e+01,0.000000000000000000e+00,5.309234221226449790e+01,1.286347498129522364e+02,1.891564255329106103e+01,6.222222222222222143e+01,1.332018537846552420e+01,0.000000000000000000e+00,0.000000000000000000e+00,2.900000000000000000e+01,2.538676778219332775e+01,0.000000000000000000e+00,0.000000000000000000e+00
2.000000000000000000e+00,9.208860383993246046e+01,7.521919643679409262e+01,8.140746730152606858e+01,0.000000000000000000e+00,3.781695897224841474e+01,3.555555555555555713e+01,-1.252781844739651262e+01,6.269137798939758000e+01,1.019882209808849716e+01,3.555555555555555713e+01,3.966364088123853548e+01,0.000000000000000000e+00,0.000000000000000000e+00,2.900000000000000000e+01,4.621919643679409262e+01,7.909167304692034106e-01,0.000000000000000000e+00
2.000000000000000000e+00,7.337251452780397187e+01,7.521919643679407841e+01,1.007546981740816818e+02,0.000000000000000000e+00,2.398049352286062685e+01,4.222222222222222854e+01,1.836570295456648694e+01,9.358489939136056535e+01,1.746736152073698634e+01,6.000000000000000000e+01,1.521919643679408551e+01,0.000000000000000000e+00,0.000000000000000000e+00,2.900000000000000000e+01,4.621919643679409262e+01,7.909167304692034106e-01,0.000000000000000000e+00
2.000000000000000000e+00,6.620271574508285539e+01,7.521919643679407841e+01,4.261280946221565102e+01,0.000000000000000000e+00,2.223862054805019994e+01,5.111111111111111427e+01,-2.545937106049997567e+01,4.975982537629410274e+01,1.000966269849149626e+01,3.555555555555555003e+01,3.966364088123853548e+01,0.000000000000000000e+00,0.000000000000000000e+00,2.900000000000000000e+01,2.521047078370587258e+01,0.000000000000000000e+00,0.000000000000000000e+00
2.000000000000000000e+00,7.334973165916130711e+01,7.489822979487190935e+01,3.029614152150343642e+01,0.000000000000000000e+00,2.041192867047907811e+00,1.155555555555555571e+02,-3.550715099263044294e-01,7.454315828494560492e+01,1.924459696622844618e+01,6.444444444444444287e+01,1.045378535042746115e+01,0.000000000000000000e+00,0.000000000000000000e+00,2.900000000000000000e+01,4.589822979487190935e+01,7.854242531742783306e-01,0.000000000000000000e+00
2.000000000000000000e+00,1.175967484226034685e+02,7.489822979487190935e+01,7.604674963384951525e+01,0.000000000000000000e+00,4.912113755559266792e+01,8.222222222222224275e+01,1.489513119418904807e+01,8.979336098906095742e+01,1.924459696622844618e+01,6.444444444444444287e+01,1.045378535042746115e+01,0.000000000000000000e+00,0.000000000000000000e+00,2.900000000000000000e+01,3.476389489340388650e+01,3.662492921778350841e-01,0.000000000000000000e+00
2.000000000000000000e+00,1.313433597778148965e+02,7.472812190054392545e+01,7.855726161167007149e+01,0.000000000000000000e+00,5.638518703368170293e+00,1.311111111111111427e+02,9.235409747790555457e+00,8.396353164833448091e+01,1.736882083104557495e+01,5.777777777777777857e+01,1.695034412276614333e+01,0.000000000000000000e+00,0.000000000000000000e+00,2.900000000000000000e+01,4.572812190054392545e+01,7.825133159451364007e-01,0.000000000000000000e+00
2.000000000000000000e+00,1.367496298144793059e+02,7.472812190054392545e+01,1.506170996444174932e+02,0.000000000000000000e+00,5.633823005153428198e+01,3.555555555555557845e+01,3.103313353648411521e+01,1.057612554370280407e+02,1.704833611700887985e+01,5.555555555555555713e+01,1.917256634498836831e+01,0.000000000000000000e+00,0.000000000000000000e+00,2.900000000000000000e+01,2.494261194575123852e+01,0.000000000000000000e+00,0.000000000000000000e+00
2.000000000000000000e+00,9.189378560708985333e+01,7.441056549845680479e+01,1.173466600419619681e+02,0.000000000000000000e+00,3.144045669022631273e+01,3.777777777777779988e+01,2.026054340441942259e+01,9.467110890287622738e+01,1.716630993079391132e+01,5.555555555555555713e+01,1.885500994290125476e+01,0.000000000000000000e+00,0.000000000000000000e+00,2.900000000000000000e+01,4.541056549845681900e+01,7.770791956955174218e-01,0.000000000000000000e+00
2.000000000000000000e+00,6.921823446800411261e+01,7.441056549845680479e+01,3.407488529418594680e+01,0.000000000000000000e+00,8.723866494102349378e+00,8.666666666666668561e+01,-1.416338151150591784e+01,6.024718398695088695e+01,1.482115007703188958e+01,4.888888888888888573e+01,2.552167660956792261e+01,0.000000000000000000e+00,0.000000000000000000e+00,2.900000000000000000e+01,4.541056549845681900e+01,7.770791956955174218e-01,0.000000000000000000e+00
2.000000000000000000e+00,9.539053316076903855e+01,7.441056549845680479e+01,1.254112560881448601e+01,0.000000000000000000e+00,3.631160882260253686e-01,1.355555555555555713e+02,-2.134130140662973929e+01,5.306926409182706550e+01,1.482115007703188958e+01,4.888888888888888573e+01,2.552167660956792261e+01,0.000000000000000000e+00,0.000000000000000000e+00,2.900000000000000000e+01,4.541056549845681900e+01,7.770791956955174218e-01,0.000000000000000000e+00
2.000000000000000000e+00,1.359186716437816074e+02,7.941056549845681900e+01,1.677940166746071498e+02,0.000000000000000000e+00,3.961154941626571713e+01,5.555555555555556424e+01,4.763188450418996922e+01,1.270424500026467882e+02,2.124395821749469349e+01,7.111111111111111427e+01,8.299454387345699402e+00,0.000000000000000000e+00,0.000000000000000000e+00,3.400000000000000000e+01,4.541056549845681900e+01,7.770791956955174218e-01,0.000000000000000000e+00
2.000000000000000000e+00,9.516710497182128847e+01,7.941056549845681900e+01,1.032507543186906105e+02,0.000000000000000000e+00,5.966660209269419113e+01,4.000000000000002132e+01,2.833968594110670836e+01,1.077502514395635274e+02,2.174647488106271709e+01,7.333333333333334281e+01,6.077232165123481522e+00,0.000000000000000000e+00,0.000000000000000000e+00,3.400000000000000000e+01,4.541056549845681900e+01,7.770791956955174218e-01,0.000000000000000000e+00
2.000000000000000000e+00,9.966660209269420534e+01,7.941056549845681900e+01,8.497491394758870342e+01,0.000000000000000000e+00,3.016659460968384110e+00,1.111111111111111427e+02,2.002551692851720588e+01,9.943608242697402488e+01,2.200810696596262517e+01,7.111111111111111427e+01,8.299454387345699402e+00,0.000000000000000000e+00,0.000000000000000000e+00,3.400000000000000000e+01,4.541056549845681900e+01,7.193616950466729776e+00,0.000000000000000000e+00
2.000000000000000000e+00,1.141277705720795268e+02,8.201449900570989371e+01,1.451505662094856461e+02,0.000000000000000000e+00,2.624961532131129616e+01,6.222222222222225696e+01,3.748013417522977875e+01,1.194946331809396725e+02,2.200810696596262517e+01,7.111111111111111427e+01,1.090338789459877589e+01,0.000000000000000000e+00,0.000000000000000000e+00,3.400000000000000000e+01,4.801449900570989371e+01,8.216384856592063857e-01,0.000000000000000000e+00
2.000000000000000000e+00,8.847183754353355312e+01,8.201449900570989371e+01,2.183243820813563829e+01,0.000000000000000000e+00,1.169465651588753730e+01,1.200000000000000284e+02,-1.695924182522023216e+01,6.505525718048966155e+01,1.750656540182869492e+01,5.777777777777777857e+01,2.423672122793210804e+01,0.000000000000000000e+00,0.000000000000000000e+00,3.400000000000000000e+01,4.801449900570989371e+01,1.222704353371148045e+01,0.000000000000000000e+00
2.000000000000000000e+00,1.316946565158875728e+02,8.664299454387345634e+01,1.302784387966188433e+02,0.000000000000000000e+00,4.928680842925277261e+01,5.333333333333334991e+01,1.456092949944394377e+01,1.012039240433174001e+02,1.750656540182869492e+01,5.777777777777777857e+01,2.886521676609568132e+01,0.000000000000000000e+00,0.000000000000000000e+00,3.400000000000000000e+01,5.264299454387347055e+01,8.795596300223602171e+00,0.000000000000000000e+00
2.000000000000000000e+00,1.026201417625861154e+02,8.984681165672375869e+01,5.708003777651879318e+01,0.000000000000000000e+00,1.123344991157357953e+01,1.177777777777777999e+02,-6.375687953439694411e+00,8.347112370328406428e+01,1.960641243902917097e+01,6.444444444444444287e+01,2.540236721227932293e+01,0.000000000000000000e+00,0.000000000000000000e+00,3.400000000000000000e+01,5.584681165672377290e+01,1.221325082749401325e+01,0.000000000000000000e+00
2.000000000000000000e+00,1.290112276893513865e+02,9.441531883432763550e+01,2.852090434268430954e+02,0.000000000000000000e+00,3.316309849233761042e+00,4.444444444444465958e+00,6.954325119684230572e+01,1.639585700311699270e+02,2.093542540762233628e+01,6.888888888888888573e+01,2.552642994543874977e+01,0.000000000000000000e+00,0.000000000000000000e+00,3.400000000000000000e+01,6.041531883432764971e+01,1.033845028181007430e+00,0.000000000000000000e+00
2.000000000000000000e+00,7.760754293678227000e+00,9.441531883432764971e+01,4.822009328557054886e+00,0.000000000000000000e+00,1.016369635290579332e-01,8.000000000000002842e+01,-1.725242683591972792e+01,7.716289199840792890e+01,2.337095482181728201e+01,7.555555555555555713e+01,1.885976327877208547e+01,0.000000000000000000e+00,0.000000000000000000e+00,3.400000000000000000e+01,6.041531883432764971e+01,1.033845028181007430e+00,0.000000000000000000e+00
2.000000000000000000e+00,8.010163696352908858e+01,9.441531883432764971e+01,1.198184759096032792e+02,0.000000000000000000e+00,7.577820857934909782e+01,2.486899575160350651e-14,2.107972869109566716e+01,1.154950475254233169e+02,2.337095482181728201e+01,7.555555555555555713e+01,1.885976327877208547e+01,0.000000000000000000e+00,0.000000000000000000e+00,3.400000000000000000e+01,3.295381027326963164e+01,0.000000000000000000e+00,0.000000000000000000e+00
2.000000000000000000e+00,7.577820857934912624e+01,9.999576800908923246e+01,1.006204473479981090e+02,0.000000000000000000e+00,8.697910347350358506e+00,6.888888888888891415e+01,2.433269995799037133e+00,1.024290380048882696e+02,2.010873138606476829e+01,6.888888888888888573e+01,3.110687912020035384e+01,0.000000000000000000e+00,0.000000000000000000e+00,4.000000000000000000e+01,3.272496436859414359e+01,0.000000000000000000e+00,0.000000000000000000e+00
2.000000000000000000e+00,7.758679923623927266e+01,9.957913073124834114e+01,8.624420470365821245e+01,0.000000000000000000e+00,3.564621832268932877e+01,5.333333333333335702e+01,-1.942173607806694235e+00,9.763695712344164690e+01,2.010873138606476829e+01,6.888888888888888573e+01,3.069024184235945896e+01,0.000000000000000000e+00,0.000000000000000000e+00,4.000000000000000000e+01,3.249770767159001394e+01,0.000000000000000000e+00,0.000000000000000000e+00
2.000000000000000000e+00,8.897955165602269290e+01,9.916538676783690676e+01,3.239701533822132262e+01,0.000000000000000000e+00,1.404820809720844466e+01,1.244444444444444713e+02,-1.725527054398534688e+01,8.191011622385155988e+01,2.138452690986392568e+01,7.111111111111111427e+01,2.805427565672578538e+01,0.000000000000000000e+00,0.000000000000000000e+00,4.000000000000000000e+01,3.227202914609286921e+01,0.000000000000000000e+00,0.000000000000000000e+00
2.000000000000000000e+00,1.384926525416529159e+02,9.875451602639358839e+01,1.421967895701706937e+02,0.000000000000000000e+00,2.591701505042797749e+01,8.888888888888891415e+01,1.975552494144108095e+01,1.185100409678346693e+02,2.138452690986392568e+01,7.111111111111111427e+01,2.764340491528247412e+01,0.000000000000000000e+00,0.000000000000000000e+00,4.000000000000000000e+01,3.204791783257832805e+01,0.000000000000000000e+00,0.000000000000000000e+00
2.000000000000000000e+00,1.148059039393168916e+02,9.834649855398808427e+01,2.135306315642673667e+02,0.000000000000000000e+00,1.689659400758304741e+01,3.777777777777780699e+01,5.505260085632323808e+01,1.533990994103113223e+02,2.515233459374024960e+01,8.222222222222222854e+01,1.612427633176584862e+01,0.000000000000000000e+00,0.000000000000000000e+00,4.000000000000000000e+01,3.182536284762987222e+01,0.000000000000000000e+00,0.000000000000000000e+00
2.000000000000000000e+00,5.467437178536085440e+01,9.794131453625203676e+01,1.762968873286845195e+01,0.000000000000000000e+00,5.143468185670746706e+00,1.066666666666666998e+02,-2.317586273640700512e+01,7.476545179984503875e+01,2.058269883594693184e+01,6.888888888888888573e+01,2.905242564736315813e+01,0.000000000000000000e+00,0.000000000000000000e+00,4.000000000000000000e+01,3.160435338341021705e+01,0.000000000000000000e+00,0.000000000000000000e+00
2.000000000000000000e+00,1.118101348523374412e+02,9.753894429641694330e+01,7.457272264106583393e+00,0.000000000000000000e+00,1.719533429330244445e-01,1.888888888888889426e+02,-1.283096465282582699e+01,8.470797964359111631e+01,2.462823942864893922e+01,8.222222222222221433e+01,1.531672207419473430e+01,0.000000000000000000e+00,0.000000000000000000e+00,4.000000000000000000e+01,3.138487870713653649e+01,0.000000000000000000e+00,0.000000000000000000e+00
2.000000000000000000e+00,1.890608422318219652e+02,9.713936829435849063e+01,2.044322239387839772e+02,0.000000000000000000e+00,1.499491516152147597e+01,1.200000000000000426e+02,5.322692857412505418e+01,1.503662968684835448e+02,2.462823942864893922e+01,8.222222222222221433e+01,1.491714607213627986e+01,0.000000000000000000e+00,0.000000000000000000e+00,4.000000000000000000e+01,3.116692816055919835e+01,0.000000000000000000e+00,0.000000000000000000e+00
2.000000000000000000e+00,1.349949151615215328e+02,9.674256712564766758e+01,1.408652669237283988e+02,0.000000000000000000e+00,4.552918165681366247e+01,7.777777777777781409e+01,3.243474407115070335e+01,1.291773111967983709e+02,2.501429426512603982e+01,8.222222222222221433e+01,1.452034490342546036e+01,0.000000000000000000e+00,0.000000000000000000e+00,4.000000000000000000e+01,3.095049115944420137e+01,0.000000000000000000e+00,0.000000000000000000e+00
2.000000000000000000e+00,1.233069594345914766e+02,9.634852152060845754e+01,1.323809529207888147e+02,0.000000000000000000e+00,1.060854637628777652e+01,1.088888888888889426e+02,3.222290723076559971e+01,1.285714287513740715e+02,2.571343064444564064e+01,8.444444444444444287e+01,1.190407707616402000e+01,0.000000000000000000e+00,0.000000000000000000e+00,4.000000000000000000e+01,3.073555719305917577e+01,0.000000000000000000e+00,0.000000000000000000e+00
2.000000000000000000e+00,1.194974352651767191e+02,9.595721234338202521e+01,1.256692297244446621e+02,0.000000000000000000e+00,4.016239322665801126e+01,8.222222222222227117e+01,3.259919756476618602e+01,1.285564099081482254e+02,2.589994570477169233e+01,8.666666666666667140e+01,9.290545676715348478e+00,0.000000000000000000e+00,0.000000000000000000e+00,4.000000000000000000e+01,3.052211582366292930e+01,0.000000000000000000e+00,0.000000000000000000e+00
2.000000000000000000e+00,1.223846154488802824e+02,9.556862059099742623e+01,3.797040061738698569e+01,0.000000000000000000e+00,1.484879281506668747e+01,1.711111111111111711e+02,5.977068503687121392e+00,1.015456890946845476e+02,2.606630929167142341e+01,8.888888888888889994e+01,6.679731702108528069e+00,0.000000000000000000e+00,0.000000000000000000e+00,4.000000000000000000e+01,3.031015668599860646e+01,0.000000000000000000e+00,0.000000000000000000e+00
2.000000000000000000e+00,1.859599039261778444e+02,9.518272739244883951e+01,2.301409578137714220e+02,0.000000000000000000e+00,4.142148760588574419e+01,8.000000000000005684e+01,7.041981410103056760e+01,1.656025414934794071e+02,2.606630929167142341e+01,8.888888888888889994e+01,6.293838503559934239e+00,0.000000000000000000e+00,0.000000000000000000e+00,4.000000000000000000e+01,3.009966948679027965e+01,0.000000000000000000e+00,0.000000000000000000e+00
2.000000000000000000e+00,1.214214876058858010e+02,9.479951400777903814e+01,1.122720292191339126e+02,0.000000000000000000e+00,6.657346812646314049e+01,6.222222222222227828e+01,2.484671795415448514e+01,1.196462319619335233e+02,2.478303247082362049e+01,8.222222222222222854e+01,1.257729178555681315e+01,0.000000000000000000e+00,0.000000000000000000e+00,4.000000000000000000e+01,2.989064400424312495e+01,0.000000000000000000e+00,0.000000000000000000e+00
2.000000000000000000e+00,1.287956903486854117e+02,9.441896182716945418e+01,1.738835578188206625e+02,0.000000000000000000e+00,6.176220735836047027e+01,3.555555555555561398e+01,4.798666855688188093e+01,1.424056303840513351e+02,2.511116665953783667e+01,8.444444444444444287e+01,9.974517382725018422e+00,0.000000000000000000e+00,0.000000000000000000e+00,4.000000000000000000e+01,2.968307008754699439e+01,0.000000000000000000e+00,0.000000000000000000e+00
2.000000000000000000e+00,9.731776291391608424e+01,9.404105237003632567e+01,8.676965038783731643e+01,0.000000000000000000e+00,3.915773766468930717e+00,1.133333333333333854e+02,1.265994220368720846e+01,1.067009945737235341e+02,2.340109707200436162e+01,7.777777777777777146e+01,1.626327459225855776e+01,0.000000000000000000e+00,0.000000000000000000e+00,4.000000000000000000e+01,2.947693765638347330e+01,0.000000000000000000e+00,0.000000000000000000e+00
2.000000000000000000e+00,1.172491070998023162e+02,9.366576728413329533e+01,2.405873656187484926e+02,0.000000000000000000e+00,3.463530779841434537e+01,6.394884621840901673e-14,6.430779903322731172e+01,1.579735663173606213e+02,2.340109707200436162e+01,7.777777777777777146e+01,1.588798950635552387e+01,0.000000000000000000e+00,0.000000000000000000e+00,4.000000000000000000e+01,2.927223670043636616e+01,0.000000000000000000e+00,0.000000000000000000e+00
2.000000000000000000e+00,3.463530779841440932e+01,9.329308834466014844e+01,3.204304566674566956e+01,0.000000000000000000e+00,1.327327735391723351e+01,8.444444444444449971e+01,1.832371322032834371e+00,9.512545966669298991e+01,2.567716055371913342e+01,8.444444444444444287e+01,8.848643900215703795e+00,0.000000000000000000e+00,0.000000000000000000e+00,4.000000000000000000e+01,2.906895727890555747e+01,0.000000000000000000e+00,0.000000000000000000e+00
2.000000000000000000e+00,9.771772179836173677e+01,9.292299745337778916e+01,1.981168861714729701e+02,0.000000000000000000e+00,5.008424212849078572e+01,6.217248937900876626e-14,5.756040904822427251e+01,1.504834065016020759e+02,2.567716055371913342e+01,8.444444444444444287e+01,8.478553008933344515e+00,0.000000000000000000e+00,0.000000000000000000e+00,4.000000000000000000e+01,2.886708952002426898e+01,0.000000000000000000e+00,0.000000000000000000e+00
2.000000000000000000e+00,5.008424212849084967e+01,9.255547663772932765e+01,5.626052040725762993e+01,0.000000000000000000e+00,1.257722852365236577e+01,8.888888888888895679e+01,1.508691905357877516e+01,1.076423956913081099e+02,2.721145915607371535e+01,8.888888888888888573e+01,3.666587748840444583e+00,0.000000000000000000e+00,0.000000000000000000e+00,4.000000000000000000e+01,2.866662362057965652e+01,0.000000000000000000e+00,0.000000000000000000e+00
2.000000000000000000e+00,1.014661174125413226e+02,9.019050804996732040e+01,1.324103530974981595e+02,0.000000000000000000e+00,3.541477090309803089e+01,6.666666666666674246e+01,4.283516520475428990e+01,1.330256732547215961e+02,2.721145915607371535e+01,8.888888888888888573e+01,1.301619161078438669e+00,0.000000000000000000e+00,0.000000000000000000e+00,3.800000000000000000e+01,5.219050804996734172e+01,8.930996029940931891e-01,0.000000000000000000e+00
2.000000000000000000e+00,1.020814375697647733e+02,9.019050804996733461e+01,1.449201678870238368e+02,0.000000000000000000e+00,3.880132564508214443e+01,4.222222222222229249e+01,3.367177013459615864e+01,1.238622781845634933e+02,2.307921618445052303e+01,7.555555555555555713e+01,1.463495249441177748e+01,0.000000000000000000e+00,0.000000000000000000e+00,3.800000000000000000e+01,5.219050804996734172e+01,8.930996029940931891e-01,0.000000000000000000e+00
2.000000000000000000e+00,8.102354786730444403e+01,9.019050804996733461e+01,3.894139229490501464e+01,0.000000000000000000e+00,1.284039744847880371e+01,1.244444444444445139e+02,5.012178270556532311e+00,9.520268632052386693e+01,2.530935284206935876e+01,8.222222222222222854e+01,7.968285827745111405e+00,0.000000000000000000e+00,0.000000000000000000e+00,3.800000000000000000e+01,5.219050804996734172e+01,8.930996029940931891e-01,0.000000000000000000e+00
2.000000000000000000e+00,1.372848418929233105e+02,9.019050804996733461e+01,2.111546777549248759e+02,0.000000000000000000e+00,5.651505672297332694e+01,2.222222222222229604e+01,6.241660675722985729e+01,1.526071148071972061e+02,2.530935284206935876e+01,8.222222222222222854e+01,7.968285827745111405e+00,0.000000000000000000e+00,0.000000000000000000e+00,3.800000000000000000e+01,5.219050804996734172e+01,8.930996029940931891e-01,0.000000000000000000e+00
2.000000000000000000e+00,7.873727894519562653e+01,9.019050804996733461e+01,5.479657343443128070e+01,0.000000000000000000e+00,1.998400776668580647e+01,1.044444444444445281e+02,1.029723865039866837e+01,1.004877467003660030e+02,2.554988668159344911e+01,8.222222222222222854e+01,7.968285827745111405e+00,0.000000000000000000e+00,0.000000000000000000e+00,3.800000000000000000e+01,2.846754984543673928e+01,0.000000000000000000e+00,0.000000000000000000e+00
2.000000000000000000e+00,1.244284522111303346e+02,8.982807396628700758e+01,2.213939408911146245e+02,0.000000000000000000e+00,5.905471383927607576e+01,8.526512829121202230e-14,6.619212855297344333e+01,1.560202025192604651e+02,2.554988668159344911e+01,8.222222222222222854e+01,7.605851744064779041e+00,0.000000000000000000e+00,0.000000000000000000e+00,3.800000000000000000e+01,2.826985852706565083e+01,0.000000000000000000e+00,0.000000000000000000e+00
2.000000000000000000e+00,5.905471383927616102e+01,8.946815678596556154e+01,8.181175699332268891e+01,0.000000000000000000e+00,4.513542510394287888e+00,7.777777777777785673e+01,1.558020665625312517e+01,1.050483634422186867e+02,2.312109108222245624e+01,7.777777777777777146e+01,1.169037900818779718e+01,0.000000000000000000e+00,0.000000000000000000e+00,3.800000000000000000e+01,2.807354006507214095e+01,0.000000000000000000e+00,0.000000000000000000e+00
2.000000000000000000e+00,8.229132028817214461e+01,8.911073903050747447e+01,5.590445809941435584e+00,0.000000000000000000e+00,7.865786370999972021e-01,1.555555555555556282e+02,-9.469479316082555442e+00,7.964125971442491903e+01,2.312109108222245624e+01,7.777777777777777146e+01,1.133296125272970656e+01,0.000000000000000000e+00,0.000000000000000000e+00,3.800000000000000000e+01,2.787858492573136360e+01,0.000000000000000000e+00,0.000000000000000000e+00
2.000000000000000000e+00,1.563421341926556352e+02,8.875580334279561612e+01,7.607815006284107540e+01,0.000000000000000000e+00,3.673447859520593539e+01,1.466666666666667425e+02,1.438135778926249486e+01,1.031371611320581110e+02,2.312109108222245624e+01,7.777777777777777146e+01,1.097802556501784821e+01,0.000000000000000000e+00,0.000000000000000000e+00,3.800000000000000000e+01,2.768498364152489444e+01,0.000000000000000000e+00,0.000000000000000000e+00
2.000000000000000000e+00,1.834011452618726707e+02,8.840333248624843065e+01,2.203207633383235589e+02,0.000000000000000000e+00,8.540952525854575583e+01,3.555555555555562108e+01,6.948136640430385569e+01,1.578846988905522721e+02,2.440242450457062873e+01,8.444444444444444287e+01,3.958888041803989566e+00,0.000000000000000000e+00,0.000000000000000000e+00,3.800000000000000000e+01,2.749272681068096702e+01,0.000000000000000000e+00,0.000000000000000000e+00
2.000000000000000000e+00,1.209650808141013840e+02,8.205330934398281784e+01,1.200563389188610586e+02,0.000000000000000000e+00,5.371965979305045380e+00,1.044444444444445139e+02,2.685435918452643023e+01,1.089076685285092481e+02,1.998421035469221607e+01,6.888888888888888573e+01,1.316442045509392500e+01,0.000000000000000000e+00,0.000000000000000000e+00,3.200000000000000000e+01,2.730180509671790290e+01,0.000000000000000000e+00,0.000000000000000000e+00
2.000000000000000000e+00,1.098164104237495593e+02,8.170571691798292591e+01,8.767620688343441770e+01,0.000000000000000000e+00,6.921161390348764542e+00,1.133333333333333997e+02,1.640857426538410380e+01,9.811429118336702970e+01,1.998421035469221607e+01,6.888888888888888573e+01,1.281682802909404728e+01,0.000000000000000000e+00,0.000000000000000000e+00,3.200000000000000000e+01,2.711220922799070010e+01,0.000000000000000000e+00,0.000000000000000000e+00
2.000000000000000000e+00,1.202544947236821713e+02,8.136053832827472831e+01,1.464984012486924030e+02,0.000000000000000000e+00,1.814444944677606486e+01,7.555555555555559977e+01,3.858337319906718221e+01,1.199439115273419105e+02,1.998158335050558776e+01,7.111111111111111427e+01,1.024942721716361760e+01,0.000000000000000000e+00,0.000000000000000000e+00,3.200000000000000000e+01,2.692392999724076219e+01,0.000000000000000000e+00,0.000000000000000000e+00
2.000000000000000000e+00,9.370000500233166463e+01,8.101775681210615687e+01,1.006626998286227916e+02,0.000000000000000000e+00,3.992487178324975616e+01,5.555555555555558556e+01,2.142536535299031186e+01,1.024431221650964687e+02,1.972687512634908558e+01,6.888888888888888573e+01,1.212886792321726759e+01,0.000000000000000000e+00,0.000000000000000000e+00,3.200000000000000000e+01,2.673695826114881413e+01,0.000000000000000000e+00,0.000000000000000000e+00
2.000000000000000000e+00,9.548042733880534172e+01,8.067735572313318926e+01,3.063377815370792234e+01,0.000000000000000000e+00,1.950235301411114008e+01,1.177777777777777999e+02,-8.243874116341672220e+00,7.243348160679151704e+01,1.780861439629518372e+01,6.222222222222221433e+01,1.845513350091097493e+01,0.000000000000000000e+00,0.000000000000000000e+00,3.200000000000000000e+01,2.655128493989083793e+01,0.000000000000000000e+00,0.000000000000000000e+00
2.000000000000000000e+00,1.372801307918889506e+02,8.033931853061142192e+01,2.150279323825811275e+02,0.000000000000000000e+00,1.615039809239036117e+01,4.000000000000001421e+01,5.355888115247114456e+01,1.338981996830825665e+02,1.780861439629518372e+01,6.222222222222221433e+01,1.811709630838921470e+01,0.000000000000000000e+00,0.000000000000000000e+00,3.200000000000000000e+01,2.636690101669715247e+01,0.000000000000000000e+00,0.000000000000000000e+00
2.000000000000000000e+00,5.615039809239037538e+01,8.000362881859331310e+01,1.459477584595143895e+01,0.000000000000000000e+00,6.420547528422735795e+00,9.555555555555557135e+01,-1.958314798105395482e+01,6.042048083753935828e+01,1.681640137303973859e+01,5.555555555555555713e+01,2.444807326303774886e+01,0.000000000000000000e+00,0.000000000000000000e+00,3.200000000000000000e+01,2.618379753741453086e+01,0.000000000000000000e+00,0.000000000000000000e+00
2.000000000000000000e+00,1.019761030839783018e+02,7.967027028513085440e+01,1.258592340748421634e+02,0.000000000000000000e+00,2.514391478527954860e+00,7.111111111111114269e+01,1.783836329537210474e+01,9.750863358050295915e+01,1.681640137303973859e+01,5.555555555555555713e+01,2.411471472957529727e+01,0.000000000000000000e+00,0.000000000000000000e+00,3.200000000000000000e+01,2.600196561007136964e+01,0.000000000000000000e+00,0.000000000000000000e+00
2.000000000000000000e+00,7.362550258963909755e+01,7.933922674148411147e+01,3.613200703159586524e+00,0.000000000000000000e+00,1.055910097548973248e-01,1.311111111111111427e+02,-1.813482650709758559e+01,6.120440023438652588e+01,1.847465615494984803e+01,6.000000000000000000e+01,1.933922674148410792e+01,0.000000000000000000e+00,0.000000000000000000e+00,3.200000000000000000e+01,2.582139640444587769e+01,0.000000000000000000e+00,0.000000000000000000e+00
