2.000000000000000000e+00,0.000000000000000000e+00,4.606577684852088339e+01,0.000000000000000000e+00,0.000000000000000000e+00,0.000000000000000000e+00,1.111111111111111072e+01,-3.495466573740976912e+01,1.111111111111111427e+01,3.354220325280363291e+00,1.111111111111111072e+01,3.495466573740977623e+01,0.000000000000000000e+00,0.000000000000000000e+00,1.100000000000000000e+01,1.912678737192048573e+01,0.000000000000000000e+00,0.000000000000000000e+00
2.000000000000000000e+00,1.111111111111111072e+01,4.606577684852089760e+01,0.000000000000000000e+00,0.000000000000000000e+00,0.000000000000000000e+00,2.666666666666666430e+01,-3.051022129296534402e+01,1.555555555555555358e+01,4.417081673956241517e+00,1.555555555555555536e+01,3.051022129296534047e+01,0.000000000000000000e+00,0.000000000000000000e+00,1.100000000000000000e+01,1.912678737192048573e+01,0.000000000000000000e+00,0.000000000000000000e+00
2.000000000000000000e+00,2.666666666666666430e+01,4.606577684852089050e+01,1.257165632528271715e+01,0.000000000000000000e+00,5.077846720337451103e-01,3.999999999999999289e+01,-1.965300251787110142e+01,2.641277433064978908e+01,5.817637303240699609e+00,2.222222222222222143e+01,2.384355462629866906e+01,0.000000000000000000e+00,0.000000000000000000e+00,1.100000000000000000e+01,1.912678737192048573e+01,0.000000000000000000e+00,0.000000000000000000e+00
2.000000000000000000e+00,4.050778467203373623e+01,4.606577684852089760e+01,3.695061003282299339e+01,0.000000000000000000e+00,2.031848909459619179e+01,1.333333333333333037e+01,-1.597112905980212361e+01,3.009464778871877400e+01,4.754775954564822271e+00,1.777777777777777857e+01,2.828799907074311903e+01,0.000000000000000000e+00,0.000000000000000000e+00,1.100000000000000000e+01,1.912678737192048573e+01,0.000000000000000000e+00,0.000000000000000000e+00
2.000000000000000000e+00,3.365182242792952394e+01,4.606577684852089760e+01,1.820416286623076729e+01,0.000000000000000000e+00,8.182380517109013596e+00,2.888888888888888573e+01,-2.444216700422175848e+01,2.162360984429913913e+01,3.772637486905160653e+00,1.555555555555555536e+01,3.051022129296534047e+01,0.000000000000000000e+00,0.000000000000000000e+00,1.100000000000000000e+01,1.912678737192048573e+01,0.000000000000000000e+00,0.000000000000000000e+00
2.000000000000000000e+00,3.707126940599789577e+01,4.606577684852089760e+01,3.529863278720321063e+01,0.000000000000000000e+00,1.131662532564020651e+01,1.777777777777777501e+01,-1.874401036389760122e+01,2.732176648462329638e+01,3.772637486905160653e+00,1.555555555555555536e+01,3.051022129296534047e+01,0.000000000000000000e+00,0.000000000000000000e+00,1.100000000000000000e+01,1.912678737192048573e+01,0.000000000000000000e+00,0.000000000000000000e+00
2.000000000000000000e+00,2.909440310341798153e+01,4.606577684852089760e+01,3.832214795351756464e+01,0.000000000000000000e+00,1.243519335662849912e+01,1.555555555555555358e+01,-8.847283086237261784e+00,3.721849376228363582e+01,6.921267540482211267e+00,2.444444444444444642e+01,2.162133240407644763e+01,0.000000000000000000e+00,0.000000000000000000e+00,1.100000000000000000e+01,1.912678737192048573e+01,0.000000000000000000e+00,0.000000000000000000e+00
2.000000000000000000e+00,2.799074891218405270e+01,4.606577684852089050e+01,1.330947798110682712e+01,0.000000000000000000e+00,3.562208035890614966e+00,3.555555555555555713e+01,-2.162928418815194220e+01,2.443649266036894829e+01,5.885966589969886975e+00,2.000000000000000000e+01,2.606577684852089050e+01,0.000000000000000000e+00,0.000000000000000000e+00,1.100000000000000000e+01,1.912678737192048573e+01,0.000000000000000000e+00,0.000000000000000000e+00
2.000000000000000000e+00,3.911776359144617032e+01,4.606577684852089050e+01,5.317714559922959161e+00,0.000000000000000000e+00,1.706499594197552483e-02,5.555555555555555713e+01,-2.429320532854656278e+01,2.177257151997432771e+01,5.885966589969886975e+00,2.000000000000000000e+01,2.606577684852089050e+01,0.000000000000000000e+00,0.000000000000000000e+00,1.100000000000000000e+01,1.912678737192048573e+01,0.000000000000000000e+00,0.000000000000000000e+00
2.000000000000000000e+00,5.557262055149753621e+01,4.606577684852089050e+01,6.533157193451602041e+01,0.000000000000000000e+00,3.201823926182019164e+01,4.444444444444441089e+00,1.558582407622211008e-01,4.622163508928311160e+01,7.194293336707668018e+00,2.444444444444444287e+01,2.162133240407644763e+01,0.000000000000000000e+00,0.000000000000000000e+00,1.100000000000000000e+01,1.912678737192048573e+01,0.000000000000000000e+00,0.000000000000000000e+00
2.000000000000000000e+00,3.646268370626463451e+01,4.606577684852089050e+01,3.779909450332107212e+01,0.000000000000000000e+00,6.818842926272811411e+00,2.888888888888888573e+01,-9.021634236302759291e+00,3.704414261221813121e+01,6.998650525145522217e+00,2.444444444444444287e+01,2.162133240407644763e+01,0.000000000000000000e+00,0.000000000000000000e+00,1.100000000000000000e+01,1.912678737192048573e+01,0.000000000000000000e+00,0.000000000000000000e+00
2.000000000000000000e+00,3.570773181516169359e+01,4.606577684852089050e+01,8.391778298250761381e+00,0.000000000000000000e+00,1.224324060772303824e+00,5.333333333333332860e+01,-1.882407297132618851e+01,2.724170387719470199e+01,6.998650525145522217e+00,2.444444444444444287e+01,2.162133240407644763e+01,0.000000000000000000e+00,0.000000000000000000e+00,1.100000000000000000e+01,1.912678737192048573e+01,0.000000000000000000e+00,0.000000000000000000e+00
2.000000000000000000e+00,5.455765739410563242e+01,6.506577684852089760e+01,1.087036372218830422e+02,0.000000000000000000e+00,6.533010357294728010e+00,-5.329070518200751394e-15,-4.386786663448759782e+00,6.067899018507213782e+01,6.998650525145522217e+00,2.444444444444444287e+01,4.062133240407645474e+01,0.000000000000000000e+00,0.000000000000000000e+00,3.000000000000000000e+01,3.506577684852089050e+01,1.999823271089303844e+01,0.000000000000000000e+00
2.000000000000000000e+00,6.533010357294722681e+00,7.293786675959235311e+01,9.144374964585525234e+00,0.000000000000000000e+00,4.367603809043778540e-01,4.888888888888887863e+01,-2.100085288250829052e+01,5.193701387708406259e+01,1.511757482870615199e+01,4.888888888888888573e+01,2.404897787070346737e+01,0.000000000000000000e+00,0.000000000000000000e+00,3.000000000000000000e+01,4.293786675959235311e+01,1.084200679427015679e+01,0.000000000000000000e+00
2.000000000000000000e+00,4.932564926979326003e+01,7.703954665737408902e+01,1.234119496037503438e+02,0.000000000000000000e+00,1.593990508951524987e+01,-7.105427357601001859e-15,1.298665876609823044e+01,9.002620542347231947e+01,1.511757482870615199e+01,4.888888888888888573e+01,2.815065776848520329e+01,0.000000000000000000e+00,0.000000000000000000e+00,3.000000000000000000e+01,4.703954665737409613e+01,1.485305422253375873e+01,0.000000000000000000e+00
2.000000000000000000e+00,1.593990508951524276e+01,8.274048977870702970e+01,1.597559259718758895e+01,0.000000000000000000e+00,5.289510024723524495e+00,5.333333333333332149e+01,-2.408195891297783220e+01,5.865853086572919750e+01,1.627906585790906391e+01,5.333333333333332860e+01,2.940715644537369755e+01,0.000000000000000000e+00,0.000000000000000000e+00,3.000000000000000000e+01,5.274048977870702970e+01,5.521230525459046135e+00,0.000000000000000000e+00
2.000000000000000000e+00,5.862284335805684776e+01,8.461483991101817992e+01,5.211227295075460120e+00,0.000000000000000000e+00,1.815358494673217749e+00,1.066666666666666572e+02,-2.954443081265969084e+01,5.507040909835848908e+01,1.627906585790906391e+01,5.333333333333332860e+01,3.128150657768484777e+01,0.000000000000000000e+00,0.000000000000000000e+00,3.000000000000000000e+01,5.461483991101817992e+01,9.345854958035195725e-01,0.000000000000000000e+00
2.000000000000000000e+00,1.084820251613398767e+02,8.461483991101817992e+01,2.122166585210243568e+02,0.000000000000000000e+00,2.033758614732363412e+01,0.000000000000000000e+00,3.945737959598993427e+01,1.240722195070081142e+02,1.627906585790906391e+01,5.333333333333332860e+01,3.128150657768484777e+01,0.000000000000000000e+00,0.000000000000000000e+00,3.000000000000000000e+01,5.461483991101817992e+01,9.508007666408348157e+00,0.000000000000000000e+00
2.000000000000000000e+00,2.033758614732363412e+01,8.809407156445374198e+01,2.186987162032416165e+01,0.000000000000000000e+00,5.757671733774191836e+00,6.222222222222222143e+01,-1.858189213545679763e+01,6.951217942899694435e+01,1.931694594489959371e+01,6.222222222222222143e+01,2.587184934223151345e+01,0.000000000000000000e+00,0.000000000000000000e+00,3.000000000000000000e+01,5.809407156445373488e+01,9.941231497660530936e-01,0.000000000000000000e+00
2.000000000000000000e+00,6.797989395599641682e+01,8.809407156445374198e+01,6.090183195450421749e+00,0.000000000000000000e+00,1.697549603473910373e+00,1.244444444444444429e+02,-2.384178827708139181e+01,6.425228328737235017e+01,1.931694594489959371e+01,6.222222222222222143e+01,2.587184934223151345e+01,0.000000000000000000e+00,0.000000000000000000e+00,3.000000000000000000e+01,5.809407156445373488e+01,9.941231497660530936e-01,0.000000000000000000e+00
2.000000000000000000e+00,1.261419940479183595e+02,8.809407156445374198e+01,2.344109517330862147e+00,0.000000000000000000e+00,1.348099252533354608e-01,1.866666666666666572e+02,-2.509047950312125863e+01,6.300359206133248335e+01,1.931694594489959371e+01,6.222222222222222143e+01,2.587184934223151345e+01,0.000000000000000000e+00,0.000000000000000000e+00,3.000000000000000000e+01,5.809407156445373488e+01,3.148545638587918027e+00,0.000000000000000000e+00
2.000000000000000000e+00,1.868014765919199931e+02,8.896837062133241147e+01,2.937716792100685552e+02,0.000000000000000000e+00,5.317591267409650868e+01,0.000000000000000000e+00,7.117774467091265933e+01,1.601461152922450708e+02,1.931694594489959371e+01,6.222222222222222143e+01,2.674614839911018294e+01,0.000000000000000000e+00,0.000000000000000000e+00,3.000000000000000000e+01,5.896837062133240437e+01,1.009084417049538329e+00,0.000000000000000000e+00
2.000000000000000000e+00,5.317591267409650868e+01,8.896837062133239726e+01,4.656084988005004277e+01,0.000000000000000000e+00,2.213534608739647780e+01,5.555555555555555713e+01,-1.789253177242682114e+01,7.107583884890557613e+01,1.721244772402052448e+01,5.555555555555555713e+01,3.341281506577684013e+01,0.000000000000000000e+00,0.000000000000000000e+00,3.000000000000000000e+01,5.896837062133240437e+01,1.009084417049538329e+00,0.000000000000000000e+00
2.000000000000000000e+00,7.769090164295204204e+01,1.039683706213324115e+02,1.428673379169998725e+02,0.000000000000000000e+00,2.446009698285450895e+00,6.444444444444444287e+01,2.809851979544529854e+01,1.320668904167777100e+02,2.575566597032817384e+01,8.444444444444444287e+01,1.952392617688796150e+01,0.000000000000000000e+00,0.000000000000000000e+00,4.500000000000000000e+01,5.896837062133240437e+01,1.009084417049538329e+00,0.000000000000000000e+00
2.000000000000000000e+00,6.689045414272989376e+01,1.039683706213323831e+02,4.763302180707705702e+01,0.000000000000000000e+00,2.846843960467852952e+01,1.066666666666666572e+02,1.190930331435997402e+01,1.158776739356923571e+02,3.015262224146246339e+01,9.999999999999998579e+01,3.968370621332403481e+00,0.000000000000000000e+00,0.000000000000000000e+00,4.500000000000000000e+01,5.896837062133240437e+01,1.009084417049538329e+00,0.000000000000000000e+00
2.000000000000000000e+00,1.351351062713451938e+02,1.039683706213323973e+02,1.161192447974752042e+02,0.000000000000000000e+00,2.661116529525061480e+01,1.177777777777777999e+02,2.140471097782608467e+01,1.253730815991584819e+02,2.590208053946217603e+01,8.666666666666665719e+01,1.730170395466573652e+01,0.000000000000000000e+00,0.000000000000000000e+00,4.500000000000000000e+01,3.216456579345403810e+01,0.000000000000000000e+00,0.000000000000000000e+00
2.000000000000000000e+00,1.443889430730284289e+02,1.035588680475731422e+02,1.997488282862531150e+02,0.000000000000000000e+00,5.344527977108185723e+01,5.333333333333337123e+01,5.857963027006678658e+01,1.621384983176399146e+02,2.882998480887247794e+01,9.555555555555555713e+01,8.003312492017588653e+00,0.000000000000000000e+00,0.000000000000000000e+00,4.500000000000000000e+01,3.194120075322172170e+01,0.000000000000000000e+00,0.000000000000000000e+00
2.000000000000000000e+00,1.067786131044152285e+02,1.031522092416872312e+02,4.402906639448131187e+01,0.000000000000000000e+00,2.409256884142764932e+01,1.333333333333333712e+02,-8.475853776860148514e+00,9.467635546482708264e+01,2.395946051308751024e+01,8.000000000000001421e+01,2.315220924168721695e+01,0.000000000000000000e+00,0.000000000000000000e+00,4.500000000000000000e+01,3.171938685910212641e+01,0.000000000000000000e+00,0.000000000000000000e+00
2.000000000000000000e+00,1.574259021747610063e+02,1.027483744552866085e+02,1.647632606894955529e+02,0.000000000000000000e+00,5.202817282620839023e+01,7.555555555555559977e+01,3.217271244121192808e+01,1.349210868964985366e+02,2.395946051308751024e+01,8.000000000000001421e+01,2.274837445528660140e+01,0.000000000000000000e+00,0.000000000000000000e+00,4.500000000000000000e+01,3.149911333924724843e+01,0.000000000000000000e+00,0.000000000000000000e+00
2.000000000000000000e+00,1.275837283817639900e+02,1.023473440771249017e+02,2.118795760501591872e+02,0.000000000000000000e+00,2.410845545943561774e+01,5.555555555555559977e+01,6.161251460626152721e+01,1.639598586833864147e+02,2.873869221198915724e+01,9.333333333333334281e+01,9.014010743791562419e+00,0.000000000000000000e+00,0.000000000000000000e+00,4.500000000000000000e+01,3.128036949661358790e+01,0.000000000000000000e+00,0.000000000000000000e+00
2.000000000000000000e+00,7.966401101499121751e+01,1.019490986321448673e+02,1.776950467560370157e+02,0.000000000000000000e+00,1.675620206652205013e+01,1.555555555555559799e+01,2.839369473097859498e+01,1.303427933631234623e+02,2.130607864076807800e+01,7.111111111111111427e+01,3.083798752103375307e+01,0.000000000000000000e+00,0.000000000000000000e+00,4.500000000000000000e+01,3.106314470844266040e+01,0.000000000000000000e+00,0.000000000000000000e+00
2.000000000000000000e+00,3.231175762207764990e+01,1.015536187805327444e+02,3.334005309399415751e+01,0.000000000000000000e+00,1.230727778163705821e+01,8.888888888888894257e+01,6.708433619097604605e-01,1.022244621424425048e+02,2.713204789156446495e+01,9.111111111111111427e+01,1.044250766942163366e+01,0.000000000000000000e+00,0.000000000000000000e+00,4.500000000000000000e+01,3.084742842574513944e+01,0.000000000000000000e+00,0.000000000000000000e+00
2.000000000000000000e+00,1.011961666705259972e+02,1.011608853167790443e+02,2.197951202643322972e+02,0.000000000000000000e+00,3.688830871652663745e+01,4.973799150320701301e-14,5.432637699355393579e+01,1.554872623103329943e+02,2.468022283475859169e+01,8.222222222222222854e+01,1.893866309455681929e+01,0.000000000000000000e+00,0.000000000000000000e+00,4.500000000000000000e+01,3.063321017278857994e+01,0.000000000000000000e+00,0.000000000000000000e+00
2.000000000000000000e+00,3.688830871652668719e+01,1.007708791687458501e+02,3.488645356053374513e+01,0.000000000000000000e+00,1.363067300950413951e+01,3.555555555555559977e+01,-5.358650575967906349e+01,4.718437340906678656e+01,1.025157171246433485e+01,3.555555555555555713e+01,6.521532361319029292e+01,0.000000000000000000e+00,0.000000000000000000e+00,4.500000000000000000e+01,3.042047954658865550e+01,0.000000000000000000e+00,0.000000000000000000e+00
2.000000000000000000e+00,4.918622856505973573e+01,8.338358139674068070e+01,2.039206221883117109e+01,0.000000000000000000e+00,3.596486361669093412e-02,7.111111111111115690e+01,-4.103067176824140461e+01,4.235290962849927610e+01,1.025157171246433485e+01,3.555555555555555713e+01,4.782802584118513067e+01,0.000000000000000000e+00,0.000000000000000000e+00,2.800000000000000000e+01,3.020922621640401573e+01,0.000000000000000000e+00,0.000000000000000000e+00
2.000000000000000000e+00,7.114707597472784073e+01,8.299897319259665096e+01,2.718907905896174315e-02,0.000000000000000000e+00,1.783881091071643984e-02,1.266666666666667140e+02,-2.743435461068810355e+01,5.556461858190854741e+01,1.643104585624052660e+01,5.555555555555555713e+01,2.744341763704109383e+01,0.000000000000000000e+00,0.000000000000000000e+00,2.800000000000000000e+01,2.999943992323454722e+01,0.000000000000000000e+00,0.000000000000000000e+00
2.000000000000000000e+00,1.266845054775774315e+02,8.261703587875918231e+01,1.161257495027868458e+02,0.000000000000000000e+00,6.482289469794169179e+01,4.000000000000004263e+01,1.164710284439195220e+01,9.426413872315113451e+01,1.643104585624052660e+01,5.555555555555555713e+01,2.706148032320362518e+01,0.000000000000000000e+00,0.000000000000000000e+00,2.800000000000000000e+01,2.979111047932319423e+01,0.000000000000000000e+00,0.000000000000000000e+00
2.000000000000000000e+00,1.048228946979417344e+02,8.223775090737890991e+01,5.022541567030274479e+01,0.000000000000000000e+00,3.133928425107319526e+01,7.111111111111115690e+01,-3.438483457283354028e+01,4.785291633454536964e+01,9.546962613637342443e+00,3.111111111111111072e+01,5.112663979626779565e+01,0.000000000000000000e+00,0.000000000000000000e+00,2.800000000000000000e+01,2.958422776766122908e+01,0.000000000000000000e+00,0.000000000000000000e+00
2.000000000000000000e+00,1.024503953621843522e+02,8.186109985941098444e+01,1.452265590729911651e+02,0.000000000000000000e+00,3.674380042463465657e+01,1.111111111111115690e+01,8.769975387141656142e+00,9.063107524655264058e+01,1.250432768343180712e+01,4.222222222222222143e+01,3.963887763718877011e+01,0.000000000000000000e+00,0.000000000000000000e+00,2.800000000000000000e+01,2.937878174149691191e+01,0.000000000000000000e+00,0.000000000000000000e+00
2.000000000000000000e+00,4.785491153574581347e+01,8.148706444372064084e+01,5.030193777537928668e+01,0.000000000000000000e+00,3.209175241048463079e+00,7.111111111111115690e+01,-4.719751851927540542e+00,7.676731259179310030e+01,1.825480931627557624e+01,6.000000000000000000e+01,2.148706444372063373e+01,0.000000000000000000e+00,0.000000000000000000e+00,2.800000000000000000e+01,2.917476242384762841e+01,0.000000000000000000e+00,0.000000000000000000e+00
2.000000000000000000e+00,7.432028635215962709e+01,8.111562649619479259e+01,1.263790603434862589e+02,0.000000000000000000e+00,1.673424612316871674e+01,3.333333333333338544e+01,2.101072695163394144e+01,1.021263534478287340e+02,1.825480931627557624e+01,6.000000000000000000e+01,2.111562649619479615e+01,0.000000000000000000e+00,0.000000000000000000e+00,2.800000000000000000e+01,2.897215990701535304e+01,0.000000000000000000e+00,0.000000000000000000e+00
2.000000000000000000e+00,5.006757945650210218e+01,8.074676797886012025e+01,6.416583679211382218e+01,0.000000000000000000e+00,1.840146603953727578e+01,3.555555555555561398e+01,-1.269148904815550338e+01,6.805527893070461687e+01,1.404807963437840002e+01,4.666666666666667140e+01,3.408010131219344885e+01,0.000000000000000000e+00,0.000000000000000000e+00,2.800000000000000000e+01,2.877096435210552272e+01,0.000000000000000000e+00,0.000000000000000000e+00
2.000000000000000000e+00,5.395702159509288975e+01,8.038047097900691540e+01,1.512658693953336986e+01,0.000000000000000000e+00,8.317074746515029204e+00,8.888888888888894257e+01,-2.200494199916246174e+01,5.837552897984445366e+01,1.659938575950182127e+01,5.333333333333333570e+01,2.704713764567357970e+01,0.000000000000000000e+00,0.000000000000000000e+00,2.800000000000000000e+01,5.238047097900692961e+01,8.963503055231130112e-01,0.000000000000000000e+00
2.000000000000000000e+00,9.720596363540397533e+01,8.038047097900691540e+01,4.016715251287640598e+01,0.000000000000000000e+00,1.709452862681965257e+01,1.066666666666667140e+02,-1.365808680804811104e+01,6.672238417095880436e+01,1.659938575950182127e+01,5.333333333333333570e+01,2.704713764567357970e+01,0.000000000000000000e+00,0.000000000000000000e+00,2.800000000000000000e+01,5.238047097900692961e+01,8.963503055231130112e-01,0.000000000000000000e+00
2.000000000000000000e+00,1.237611952934863666e+02,8.038047097900692961e+01,1.993291735499820163e+02,0.000000000000000000e+00,2.643063514905387024e+01,2.000000000000004263e+01,4.161814242654264717e+01,1.219986134055495768e+02,1.685393605191837452e+01,5.555555555555555713e+01,2.482491542345136537e+01,0.000000000000000000e+00,0.000000000000000000e+00,2.800000000000000000e+01,5.238047097900692961e+01,8.963503055231130112e-01,0.000000000000000000e+00
2.000000000000000000e+00,4.643063514905391287e+01,9.238047097900691540e+01,3.256387738662158426e+01,0.000000000000000000e+00,4.721383557972814060e+00,1.066666666666667140e+02,5.140821483200284092e+00,9.752129246220719949e+01,2.631715550205169407e+01,8.666666666666665719e+01,5.713804312340256431e+00,0.000000000000000000e+00,0.000000000000000000e+00,4.000000000000000000e+01,5.238047097900692961e+01,8.963503055231130112e-01,0.000000000000000000e+00
2.000000000000000000e+00,1.113880502246395281e+02,9.238047097900691540e+01,9.111971655598910047e+01,0.000000000000000000e+00,3.974905853980075676e+00,1.333333333333333712e+02,2.465943453965610388e+01,1.170399055186630193e+02,2.631715550205169407e+01,8.666666666666665719e+01,5.713804312340256431e+00,0.000000000000000000e+00,0.000000000000000000e+00,4.000000000000000000e+01,5.238047097900692961e+01,8.963503055231130112e-01,0.000000000000000000e+00
2.000000000000000000e+00,1.373082391873134611e+02,9.238047097900690119e+01,8.206425000811326242e+01,0.000000000000000000e+00,3.593207251523789125e+01,1.133333333333333712e+02,1.640945690364191023e+00,9.402141666937109221e+01,2.055393401471725312e+01,6.666666666666665719e+01,2.571380431234025110e+01,0.000000000000000000e+00,0.000000000000000000e+00,4.000000000000000000e+01,5.238047097900692961e+01,8.963503055231130112e-01,0.000000000000000000e+00
2.000000000000000000e+00,1.492654058485712767e+02,9.238047097900691540e+01,2.516293664310687177e+02,0.000000000000000000e+00,1.929027267230318898e+01,3.777777777777780699e+01,6.705154005357150027e+01,1.594320110325784299e+02,2.291984058569526184e+01,7.555555555555555713e+01,1.682491542345136182e+01,0.000000000000000000e+00,0.000000000000000000e+00,4.000000000000000000e+01,5.238047097900692961e+01,8.963503055231130112e-01,0.000000000000000000e+00
2.000000000000000000e+00,5.706805045008099597e+01,9.238047097900692961e+01,2.860852954004024795e+01,0.000000000000000000e+00,2.179196456096903489e-01,1.066666666666666998e+02,-1.395540557677129101e+01,7.842506540223564571e+01,2.033046730877950381e+01,6.888888888888888573e+01,2.349158209011803677e+01,0.000000000000000000e+00,0.000000000000000000e+00,4.000000000000000000e+01,5.238047097900692961e+01,8.963503055231130112e-01,0.000000000000000000e+00
2.000000000000000000e+00,1.068845863122763831e+02,9.238047097900692961e+01,1.640148790325326047e+02,0.000000000000000000e+00,6.643022251281020374e+01,6.666666666666694496e+00,3.784671092072619558e+01,1.302271818997331252e+02,2.221267801570327904e+01,7.555555555555555713e+01,1.682491542345136892e+01,0.000000000000000000e+00,0.000000000000000000e+00,4.000000000000000000e+01,5.238047097900692961e+01,8.963503055231130112e-01,0.000000000000000000e+00
2.000000000000000000e+00,7.309688917947690356e+01,9.238047097900692961e+01,1.144523541403656282e+02,0.000000000000000000e+00,3.461986419233113565e+00,6.666666666666668561e+01,1.910364706778159416e+01,1.114841180467885238e+02,2.164723102387567621e+01,7.333333333333332860e+01,1.904713764567359391e+01,0.000000000000000000e+00,0.000000000000000000e+00,4.000000000000000000e+01,5.238047097900692961e+01,8.963503055231130112e-01,0.000000000000000000e+00
2.000000000000000000e+00,7.012865308589979918e+01,9.238047097900691540e+01,9.676303333029693476e+01,0.000000000000000000e+00,1.895329753236849513e+01,7.333333333333334281e+01,2.654054013109207233e+01,1.189210111100989877e+02,2.569699663307638815e+01,8.666666666666665719e+01,5.713804312340256431e+00,0.000000000000000000e+00,0.000000000000000000e+00,4.000000000000000000e+01,2.857116598854923950e+01,0.000000000000000000e+00,0.000000000000000000e+00
2.000000000000000000e+00,9.228663086570183793e+01,9.201671770831937636e+01,2.675738446889360844e+01,0.000000000000000000e+00,1.115041219772756165e+00,1.488888888888888857e+02,-7.542033996465960399e+00,8.447468371185341596e+01,2.195298839546158121e+01,7.555555555555555713e+01,1.646116215276381922e+01,0.000000000000000000e+00,0.000000000000000000e+00,4.000000000000000000e+01,2.837275511362875591e+01,0.000000000000000000e+00,0.000000000000000000e+00
2.000000000000000000e+00,1.500039301086616490e+02,9.165549050201160242e+01,1.289045362097310772e+02,0.000000000000000000e+00,2.184535041328537375e+01,1.177777777777777715e+02,2.686824379012094255e+01,1.185237342921325450e+02,2.195298839546158121e+01,7.555555555555555713e+01,1.609993494645604528e+01,0.000000000000000000e+00,0.000000000000000000e+00,4.000000000000000000e+01,2.817572209200633537e+01,0.000000000000000000e+00,0.000000000000000000e+00
2.000000000000000000e+00,1.396231281910631310e+02,9.129677181796985508e+01,1.714359906697899021e+02,0.000000000000000000e+00,4.088802330009210095e+01,4.888888888888888573e+01,3.029300284973794533e+01,1.215897746677078004e+02,1.832858696639501517e+01,6.444444444444444287e+01,2.685232737352540866e+01,0.000000000000000000e+00,0.000000000000000000e+00,4.000000000000000000e+01,2.798005735525629234e+01,0.000000000000000000e+00,0.000000000000000000e+00
2.000000000000000000e+00,8.977691218898098668e+01,8.894054423590063152e+01,6.979099053993010671e+01,0.000000000000000000e+00,3.880514071791647268e+01,8.666666666666667140e+01,1.654534149963163259e+01,1.054858857355322641e+02,2.451501945131906623e+01,8.222222222222222854e+01,6.718322013678404758e+00,0.000000000000000000e+00,0.000000000000000000e+00,3.800000000000000000e+01,2.778575140140034350e+01,0.000000000000000000e+00,0.000000000000000000e+00
2.000000000000000000e+00,1.254718073845831441e+02,8.858679045648464978e+01,1.342825986996061260e+02,0.000000000000000000e+00,6.039451936262352660e+01,4.666666666666667140e+01,2.728518688782850177e+01,1.158719773443131515e+02,2.161806587961054760e+01,7.111111111111111427e+01,1.747567934537353906e+01,0.000000000000000000e+00,0.000000000000000000e+00,3.800000000000000000e+01,2.759279479444617422e+01,0.000000000000000000e+00,0.000000000000000000e+00
2.000000000000000000e+00,1.070611860292901980e+02,8.823549330053684514e+01,1.603029082605756344e+02,0.000000000000000000e+00,1.574813607779533697e+01,6.000000000000000000e+01,4.075436500854389976e+01,1.289898583090807449e+02,2.211710707855689151e+01,7.555555555555555713e+01,1.267993774498128623e+01,0.000000000000000000e+00,0.000000000000000000e+00,3.800000000000000000e+01,2.740117816392918826e+01,0.000000000000000000e+00,0.000000000000000000e+00
2.000000000000000000e+00,7.574813607779533697e+01,8.788663570817199400e+01,1.210580318037516534e+01,0.000000000000000000e+00,7.677600624211892821e+00,1.444444444444444571e+02,5.930764630641931490e-01,8.847971217123618715e+01,2.551955914502659795e+01,8.444444444444444287e+01,3.442191263727554684e+00,0.000000000000000000e+00,0.000000000000000000e+00,3.800000000000000000e+01,2.721089220445746193e+01,0.000000000000000000e+00,0.000000000000000000e+00
2.000000000000000000e+00,1.521220450686563481e+02,8.754020073797636314e+01,9.658327402599257994e+01,0.000000000000000000e+00,4.328875127355017582e+01,1.288888888888889142e+02,2.909866838179897286e+01,1.166388691197753360e+02,2.551955914502659795e+01,8.444444444444444287e+01,3.095756293531914061e+00,0.000000000000000000e+00,0.000000000000000000e+00,3.800000000000000000e+01,2.702192767525984252e+01,0.000000000000000000e+00,0.000000000000000000e+00
2.000000000000000000e+00,1.721776401624391042e+02,8.719617156618484444e+01,3.188661674391247516e+02,0.000000000000000000e+00,1.071130631413362266e+01,3.111111111111113914e+01,1.013147731357456109e+02,1.885109447019304412e+02,2.501607720126775547e+01,8.222222222222221433e+01,4.973949343962635439e+00,0.000000000000000000e+00,0.000000000000000000e+00,3.800000000000000000e+01,2.683427539973719789e+01,0.000000000000000000e+00,0.000000000000000000e+00
2.000000000000000000e+00,4.182241742524476535e+01,8.685453148586412908e+01,3.215457462863265192e+01,0.000000000000000000e+00,7.052701006156301133e+00,7.555555555555558556e+01,-1.391411772076435227e+01,7.294041376509977681e+01,1.871381045750216288e+01,6.222222222222222854e+01,2.463230926364190054e+01,0.000000000000000000e+00,0.000000000000000000e+00,3.800000000000000000e+01,4.885453148586412908e+01,8.360133730201346758e-01,0.000000000000000000e+00
2.000000000000000000e+00,8.260825656171188314e+01,8.685453148586412908e+01,9.306931788670025796e+00,0.000000000000000000e+00,8.480798137096172695e-01,1.422222222222222570e+02,-1.708555422297409621e+01,6.976897726289003288e+01,1.978162653390447545e+01,6.666666666666667140e+01,2.018786481919746123e+01,0.000000000000000000e+00,0.000000000000000000e+00,3.800000000000000000e+01,4.885453148586412908e+01,8.360133730201346758e-01,0.000000000000000000e+00
2.000000000000000000e+00,1.430703020359318884e+02,8.685453148586412908e+01,2.188282645063118537e+02,0.000000000000000000e+00,3.718479236505726249e+01,2.666666666666670338e+01,5.275489001623981267e+01,1.396094215021039417e+02,1.978162653390447545e+01,6.666666666666667140e+01,2.018786481919746123e+01,0.000000000000000000e+00,0.000000000000000000e+00,3.800000000000000000e+01,4.885453148586412908e+01,8.360133730201346758e-01,0.000000000000000000e+00
2.000000000000000000e+00,6.385145903172396231e+01,8.685453148586412908e+01,3.946915771400168182e+01,0.000000000000000000e+00,1.087202055572280912e+01,9.555555555555558556e+01,-4.809256692308011338e+00,8.204527479355611774e+01,2.067933220823097784e+01,6.888888888888888573e+01,1.796564259697523624e+01,0.000000000000000000e+00,0.000000000000000000e+00,3.800000000000000000e+01,4.885453148586412908e+01,8.360133730201346758e-01,0.000000000000000000e+00
2.000000000000000000e+00,1.064275761112783982e+02,8.685453148586412908e+01,7.251591780980103863e+01,0.000000000000000000e+00,1.586140868252211789e+01,1.177777777777778141e+02,1.287299667295843619e+01,9.972752815882256527e+01,2.217462673843696663e+01,7.555555555555555713e+01,1.129897593030857195e+01,0.000000000000000000e+00,0.000000000000000000e+00,3.800000000000000000e+01,4.885453148586412908e+01,8.360133730201346758e-01,0.000000000000000000e+00
2.000000000000000000e+00,1.336391864602999249e+02,8.685453148586412908e+01,6.102080938530206566e+01,0.000000000000000000e+00,3.518086909232074788e+01,1.200000000000000426e+02,-4.292039468541190672e+00,8.256249201732293841e+01,1.851133564938220388e+01,6.222222222222222143e+01,2.463230926364190054e+01,0.000000000000000000e+00,0.000000000000000000e+00,3.800000000000000000e+01,4.885453148586412908e+01,8.360133730201346758e-01,0.000000000000000000e+00
2.000000000000000000e+00,1.551808690923207905e+02,8.685453148586412908e+01,2.334520469332880737e+02,0.000000000000000000e+00,4.176839335901757977e+01,3.555555555555559977e+01,6.874059526967636202e+01,1.555951267555404911e+02,2.330029042149128671e+01,7.777777777777778567e+01,9.076753708086346961e+00,0.000000000000000000e+00,0.000000000000000000e+00,3.800000000000000000e+01,4.885453148586412908e+01,8.360133730201346758e-01,0.000000000000000000e+00
2.000000000000000000e+00,7.732394891457317954e+01,8.685453148586412908e+01,5.880058076868656514e+01,0.000000000000000000e+00,2.568006179893203011e+00,1.022222222222222712e+02,-5.876712296352764042e-01,8.626686025622885268e+01,2.033276617595176816e+01,6.666666666666667140e+01,2.018786481919745768e+01,0.000000000000000000e+00,0.000000000000000000e+00,3.800000000000000000e+01,4.885453148586412908e+01,8.360133730201346758e-01,0.000000000000000000e+00
2.000000000000000000e+00,1.047902284021154742e+02,8.685453148586412908e+01,3.659097731772540829e+00,0.000000000000000000e+00,1.286076920448424588e-01,1.688888888888889426e+02,-1.896816557527327518e+01,6.788636591059085390e+01,2.033276617595176816e+01,6.666666666666667140e+01,2.018786481919745768e+01,0.000000000000000000e+00,0.000000000000000000e+00,3.800000000000000000e+01,4.885453148586412908e+01,9.291421454543047354e-01,0.000000000000000000e+00
2.000000000000000000e+00,1.690174965809337948e+02,8.689232462919136424e+01,2.150861667182884389e+02,0.000000000000000000e+00,9.229338543540814044e+01,4.263256414560601115e-14,5.146973094357147716e+01,1.383620555727628414e+02,2.033276617595176816e+01,6.666666666666667140e+01,2.022565796252468928e+01,0.000000000000000000e+00,0.000000000000000000e+00,3.800000000000000000e+01,4.889232462919136424e+01,1.588617075277483437e+01,0.000000000000000000e+00
2.000000000000000000e+00,9.229338543540818307e+01,9.299965642596976068e+01,1.104323111434019751e+02,0.000000000000000000e+00,1.867184467314015706e+01,7.555555555555559977e+01,1.936666951071977394e+01,1.123663259366895346e+02,2.286555983909417122e+01,7.555555555555555713e+01,1.744410087041419644e+01,0.000000000000000000e+00,0.000000000000000000e+00,3.800000000000000000e+01,5.499965642596975357e+01,9.411705912465411217e-01,0.000000000000000000e+00
2.000000000000000000e+00,9.422740022869575682e+01,9.299965642596976068e+01,2.182266496793769193e+02,0.000000000000000000e+00,1.985407822022219193e+01,4.444444444444493492e+00,5.529811568937807920e+01,1.482977721153478399e+02,2.286555983909417122e+01,7.555555555555555713e+01,1.744410087041419644e+01,0.000000000000000000e+00,0.000000000000000000e+00,3.800000000000000000e+01,2.999981259598350292e+01,0.000000000000000000e+00,0.000000000000000000e+00
2.000000000000000000e+00,2.429852266466668453e+01,9.261771436745608810e+01,2.595268263628545213e+01,0.000000000000000000e+00,2.552289796031889324e+00,8.666666666666671404e+01,-1.744597933138713586e+00,9.087311643431738162e+01,2.389331431223011748e+01,8.222222222222222854e+01,1.039549214523385601e+01,0.000000000000000000e+00,0.000000000000000000e+00,3.800000000000000000e+01,2.979148056406695488e+01,0.000000000000000000e+00,0.000000000000000000e+00
2.000000000000000000e+00,8.921895646269859981e+01,9.223842468434874320e+01,1.493780768277099291e+01,0.000000000000000000e+00,1.482640229740116666e+00,1.600000000000000568e+02,-5.036933234536164150e+00,8.720149144981257905e+01,2.389331431223011748e+01,8.222222222222222854e+01,1.001620246212651999e+01,0.000000000000000000e+00,0.000000000000000000e+00,3.800000000000000000e+01,5.423842468434874320e+01,9.281441657214757335e-01,0.000000000000000000e+00
2.000000000000000000e+00,1.614826402297401842e+02,9.223842468434874320e+01,1.658273295906892031e+02,0.000000000000000000e+00,4.426442050261400141e+01,8.666666666666671404e+01,4.303735184588100537e+01,1.352757765302297344e+02,2.360826889144927065e+01,8.000000000000000000e+01,1.223842468434874320e+01,0.000000000000000000e+00,0.000000000000000000e+00,3.800000000000000000e+01,5.423842468434874320e+01,9.281441657214757335e-01,0.000000000000000000e+00
2.000000000000000000e+00,1.309310871692807154e+02,9.223842468434874320e+01,1.231410046844913211e+02,0.000000000000000000e+00,7.772597293517533501e+01,5.333333333333337833e+01,3.103079909937059711e+01,1.232692237837193403e+02,2.445638545731853597e+01,8.222222222222222854e+01,1.001620246212651999e+01,0.000000000000000000e+00,0.000000000000000000e+00,3.800000000000000000e+01,5.423842468434874320e+01,9.281441657214757335e-01,0.000000000000000000e+00
2.000000000000000000e+00,1.310593062685087204e+02,9.223842468434874320e+01,1.349946918549013049e+02,0.000000000000000000e+00,1.884062280968558412e+01,1.066666666666667140e+02,3.720425037839615356e+01,1.294426750627449110e+02,2.560818807211520465e+01,8.444444444444444287e+01,7.793980239904295004e+00,0.000000000000000000e+00,0.000000000000000000e+00,3.800000000000000000e+01,2.958459528237204594e+01,0.000000000000000000e+00,0.000000000000000000e+00
2.000000000000000000e+00,1.255072894763522982e+02,9.186176895737409609e+01,1.352021212564555412e+02,0.000000000000000000e+00,4.203920863871523750e+01,6.222222222222227117e+01,2.209449368366665567e+01,1.139562626410407518e+02,2.103877385623280105e+01,6.888888888888888573e+01,2.297288006848520681e+01,0.000000000000000000e+00,0.000000000000000000e+00,3.800000000000000000e+01,4.886394670040309052e+01,7.335454116284556569e-01,0.000000000000000000e+00
2.000000000000000000e+00,1.042614308609375087e+02,9.178541333955926973e+01,3.928975625760011070e+01,0.000000000000000000e+00,1.584603780031516251e+01,1.288888888888889426e+02,-1.202216125369254485e+01,7.976325208586672488e+01,1.951853548318474907e+01,6.666666666666668561e+01,2.511874667289258767e+01,0.000000000000000000e+00,0.000000000000000000e+00,3.800000000000000000e+01,2.933749818521414454e+01,0.000000000000000000e+00,0.000000000000000000e+00
2.000000000000000000e+00,1.447349266892041157e+02,9.141190352470123059e+01,1.107162058912023639e+02,0.000000000000000000e+00,6.647967831729138766e+01,7.111111111111117111e+01,1.216016510569957632e+01,1.035720686304008069e+02,1.951853548318474907e+01,6.666666666666668561e+01,2.474523685803454498e+01,0.000000000000000000e+00,0.000000000000000000e+00,3.800000000000000000e+01,2.913376555892793718e+01,0.000000000000000000e+00,0.000000000000000000e+00
2.000000000000000000e+00,1.375907894284025588e+02,9.104098752800189231e+01,9.154898259247580938e+01,0.000000000000000000e+00,1.211368992230752184e+01,1.466666666666667140e+02,2.169756222504560128e+01,1.127385497530474936e+02,2.439578734207064414e+01,8.222222222222222854e+01,8.818765305779670882e+00,0.000000000000000000e+00,0.000000000000000000e+00,3.800000000000000000e+01,2.893144774254649576e+01,0.000000000000000000e+00,0.000000000000000000e+00
2.000000000000000000e+00,1.587803565889742288e+02,9.067264733683521172e+01,2.529101749757669495e+02,0.000000000000000000e+00,7.017357327179624349e+01,4.973799150320701301e-14,7.363074432175378092e+01,1.643033916585889926e+02,2.421089770388837081e+01,8.000000000000000000e+01,1.067264733683520994e+01,0.000000000000000000e+00,0.000000000000000000e+00,3.800000000000000000e+01,2.873053491100102974e+01,0.000000000000000000e+00,0.000000000000000000e+00
2.000000000000000000e+00,7.017357327179630033e+01,9.030686506366274102e+01,8.739486788796318706e+01,0.000000000000000000e+00,1.191032801315412115e+01,7.555555555555559977e+01,1.438031312121387373e+01,1.046871781848766148e+02,2.242496852898667470e+01,7.555555555555555713e+01,1.475130950810719099e+01,0.000000000000000000e+00,0.000000000000000000e+00,3.800000000000000000e+01,2.853101730745241227e+01,0.000000000000000000e+00,0.000000000000000000e+00
2.000000000000000000e+00,8.746588356870972802e+01,8.994362294516508882e+01,9.895222152539995264e+00,0.000000000000000000e+00,5.313513244794124013e+00,1.511111111111111711e+02,-1.108966000542952202e+01,7.885396293973556681e+01,2.242496852898667470e+01,7.555555555555555713e+01,1.438806738960953524e+01,0.000000000000000000e+00,0.000000000000000000e+00,3.800000000000000000e+01,5.194362294516510303e+01,8.888748311472101093e-01,0.000000000000000000e+00
2.000000000000000000e+00,1.564246243559053084e+02,8.994362294516508882e+01,1.796469776538108647e+02,0.000000000000000000e+00,3.888219480892020385e+01,7.333333333333339965e+01,4.549425849499405672e+01,1.354378814401591455e+02,2.242496852898667470e+01,7.555555555555555713e+01,1.438806738960953524e+01,0.000000000000000000e+00,0.000000000000000000e+00,3.800000000000000000e+01,5.194362294516510303e+01,8.888748311472101093e-01,0.000000000000000000e+00
2.000000000000000000e+00,1.122155281422536035e+02,8.994362294516508882e+01,1.318092753279846079e+02,0.000000000000000000e+00,4.878712236804155111e+01,5.555555555555564240e+01,3.399280216416310907e+01,1.239364251093281979e+02,2.434933033973248584e+01,8.000000000000000000e+01,9.943622945165087046e+00,0.000000000000000000e+00,0.000000000000000000e+00,3.800000000000000000e+01,2.833288524281732634e+01,0.000000000000000000e+00,0.000000000000000000e+00
2.000000000000000000e+00,1.043426779235971935e+02,8.958290334137922173e+01,2.086310914169563091e+02,0.000000000000000000e+00,2.081083920118180686e+01,2.888888888888897100e+01,6.440523824205064329e+01,1.539881415834298650e+02,2.537850576825380244e+01,8.444444444444444287e+01,5.138458896934772646e+00,0.000000000000000000e+00,0.000000000000000000e+00,3.800000000000000000e+01,5.158290334137923594e+01,8.827020892642434280e-01,0.000000000000000000e+00
2.000000000000000000e+00,4.969972809007077785e+01,8.958290334137922173e+01,2.648029061082121416e+01,0.000000000000000000e+00,3.157312127300997417e+00,1.133333333333334139e+02,3.688304640005640067e+00,9.327120798138486180e+01,2.581661245231045143e+01,8.444444444444444287e+01,5.138458896934772646e+00,0.000000000000000000e+00,0.000000000000000000e+00,3.800000000000000000e+01,5.158290334137923594e+01,8.827020892642434280e-01,0.000000000000000000e+00
2.000000000000000000e+00,1.164906454606344113e+02,8.958290334137922173e+01,2.757306714931449392e+02,0.000000000000000000e+00,1.711464224298214276e+01,8.526512829121202230e-14,8.677176493411356262e+01,1.763546682754927701e+02,2.581661245231045143e+01,8.444444444444444287e+01,5.138458896934772646e+00,0.000000000000000000e+00,0.000000000000000000e+00,3.800000000000000000e+01,2.813612909529776474e+01,0.000000000000000000e+00,0.000000000000000000e+00
2.000000000000000000e+00,1.711464224298222803e+01,8.922468873484186247e+01,2.480471875172136365e+01,0.000000000000000000e+00,5.781630751679003311e-01,8.444444444444452813e+01,3.487995293509698058e+00,9.271268402835156053e+01,2.558391214097854061e+01,8.444444444444444287e+01,4.780244290397423157e+00,0.000000000000000000e+00,0.000000000000000000e+00,3.800000000000000000e+01,5.122468873484187668e+01,8.765722136443527823e-01,0.000000000000000000e+00
2.000000000000000000e+00,8.502260751961242136e+01,8.922468873484186247e+01,1.732185527109693339e+02,0.000000000000000000e+00,2.287690571229946102e+01,3.111111111111118888e+01,5.295927327992569644e+01,1.421839620147675589e+02,2.558391214097854061e+01,8.444444444444444287e+01,4.780244290397423157e+00,0.000000000000000000e+00,0.000000000000000000e+00,3.800000000000000000e+01,2.794073930991375221e+01,0.000000000000000000e+00,0.000000000000000000e+00
2.000000000000000000e+00,5.398801682341064634e+01,8.886896172973879970e+01,4.563295998760565908e+01,0.000000000000000000e+00,1.912159905389569303e+01,7.333333333333339965e+01,-4.769086178314694280e+00,8.409987555142410542e+01,2.083274901217233221e+01,6.888888888888888573e+01,1.998007284084991042e+01,0.000000000000000000e+00,0.000000000000000000e+00,3.800000000000000000e+01,5.086896172973881391e+01,8.704849066051559836e-01,0.000000000000000000e+00
2.000000000000000000e+00,9.245493238722909268e+01,8.886896172973879970e+01,6.380107730390758292e+01,0.000000000000000000e+00,3.254214184623968720e+00,1.288888888888889426e+02,1.462028626045261603e+01,1.034892479901914157e+02,2.461906735776203803e+01,8.222222222222221433e+01,6.646739507516578271e+00,0.000000000000000000e+00,0.000000000000000000e+00,3.800000000000000000e+01,5.086896172973881391e+01,8.704849066051559836e-01,0.000000000000000000e+00
2.000000000000000000e+00,1.321431030735129184e+02,8.886896172973878549e+01,1.937007014719950462e+02,0.000000000000000000e+00,3.412041320329393557e+01,4.444444444444450681e+01,5.125349431648180598e+01,1.401224560462205773e+02,2.289947795573036160e+01,7.555555555555554292e+01,1.331340617418324435e+01,0.000000000000000000e+00,0.000000000000000000e+00,3.800000000000000000e+01,2.774670639803935046e+01,0.000000000000000000e+00,0.000000000000000000e+00
2.000000000000000000e+00,7.856485764773844949e+01,8.851570505106003850e+01,4.899793630051254922e+01,0.000000000000000000e+00,1.455122336285569418e+00,1.288888888888889426e+02,1.226138482688857323e+01,1.007770898779486117e+02,2.506749662654686261e+01,8.444444444444442865e+01,4.071260606615607180e+00,0.000000000000000000e+00,0.000000000000000000e+00,3.800000000000000000e+01,2.755402093694185339e+01,0.000000000000000000e+00,0.000000000000000000e+00
2.000000000000000000e+00,1.303440112251745120e+02,8.816490154376100463e+01,7.510706867645414775e+01,0.000000000000000000e+00,4.027263210753835665e+01,1.244444444444444855e+02,2.131523245950145906e+01,1.094801340032624637e+02,2.506749662654686261e+01,8.444444444444442865e+01,3.720457099316580418e+00,0.000000000000000000e+00,0.000000000000000000e+00,3.800000000000000000e+01,2.736267356932420114e+01,0.000000000000000000e+00,0.000000000000000000e+00
2.000000000000000000e+00,1.647170765519828421e+02,8.781653417192934796e+01,2.475703224213347653e+02,0.000000000000000000e+00,8.559083826648503646e+00,6.666666666666671404e+01,7.026246219073780708e+01,1.580789963626671693e+02,2.183859168401187745e+01,7.555555555555555713e+01,1.226097861637379438e+01,0.000000000000000000e+00,0.000000000000000000e+00,3.800000000000000000e+01,2.717265500287055957e+01,0.000000000000000000e+00,0.000000000000000000e+00
2.000000000000000000e+00,7.522575049331521768e+01,8.747058601795762911e+01,9.052907269611816332e+01,0.000000000000000000e+00,4.153970202923640898e+01,5.333333333333338544e+01,2.270577154741511094e+01,1.101763575653727401e+02,2.338561528159696223e+01,8.000000000000001421e+01,7.470586017957613123e+00,0.000000000000000000e+00,0.000000000000000000e+00,3.800000000000000000e+01,2.698395600979506881e+01,0.000000000000000000e+00,0.000000000000000000e+00
