2.000000000000000000e+00,0.000000000000000000e+00,3.456824386329454057e+01,0.000000000000000000e+00,0.000000000000000000e+00,0.000000000000000000e+00,1.555555555555555713e+01,-1.901268830773898344e+01,1.555555555555555713e+01,4.627047805657788615e+00,1.555555555555555713e+01,1.901268830773897989e+01,0.000000000000000000e+00,0.000000000000000000e+00,1.800000000000000000e+01,9.037223925433380600e+00,0.000000000000000000e+00,0.000000000000000000e+00
2.000000000000000000e+00,1.555555555555555713e+01,3.456824386329453347e+01,0.000000000000000000e+00,0.000000000000000000e+00,0.000000000000000000e+00,4.000000000000000000e+01,-1.012379941885009060e+01,2.444444444444444287e+01,7.402620653976274667e+00,2.444444444444444642e+01,1.012379941885008705e+01,0.000000000000000000e+00,0.000000000000000000e+00,1.800000000000000000e+01,9.037223925433380600e+00,0.000000000000000000e+00,0.000000000000000000e+00
2.000000000000000000e+00,4.000000000000000000e+01,3.456824386329453347e+01,0.000000000000000000e+00,0.000000000000000000e+00,0.000000000000000000e+00,6.444444444444444287e+01,-1.012379941885009060e+01,2.444444444444444287e+01,7.402620653976274667e+00,2.444444444444444642e+01,1.012379941885008705e+01,0.000000000000000000e+00,0.000000000000000000e+00,1.800000000000000000e+01,9.037223925433380600e+00,0.000000000000000000e+00,0.000000000000000000e+00
2.000000000000000000e+00,6.444444444444444287e+01,3.456824386329453347e+01,6.834210520182467974e+01,0.000000000000000000e+00,4.332748542100578248e+01,-7.105427357601001859e-15,1.265690231509147168e+01,4.722514617838600515e+01,7.402620653976274667e+00,2.444444444444444642e+01,1.012379941885008705e+01,0.000000000000000000e+00,0.000000000000000000e+00,1.800000000000000000e+01,9.037223925433380600e+00,0.000000000000000000e+00,0.000000000000000000e+00
2.000000000000000000e+00,4.332748542100577538e+01,3.456824386329453347e+01,4.817810435222774856e+01,0.000000000000000000e+00,1.120874918618728344e+01,-7.105427357601001859e-15,-1.850887574588528395e+01,1.605936811740924952e+01,0.000000000000000000e+00,0.000000000000000000e+00,3.456824386329453347e+01,0.000000000000000000e+00,0.000000000000000000e+00,1.800000000000000000e+01,9.037223925433380600e+00,0.000000000000000000e+00,0.000000000000000000e+00
2.000000000000000000e+00,1.120874918618727634e+01,3.456824386329453347e+01,1.576353368275914590e+01,0.000000000000000000e+00,6.997267310145200980e-01,-7.105427357601001859e-15,-2.931373263570814913e+01,5.254511227586384337e+00,0.000000000000000000e+00,0.000000000000000000e+00,3.456824386329453347e+01,0.000000000000000000e+00,0.000000000000000000e+00,1.800000000000000000e+01,9.037223925433380600e+00,0.000000000000000000e+00,0.000000000000000000e+00
2.000000000000000000e+00,6.997267310145129926e-01,3.456824386329453347e+01,7.852435763295644300e-01,0.000000000000000000e+00,1.762310134614771817e-01,-7.105427357601001859e-15,-3.430649600451801717e+01,2.617478587765162956e-01,0.000000000000000000e+00,0.000000000000000000e+00,3.456824386329453347e+01,0.000000000000000000e+00,0.000000000000000000e+00,1.800000000000000000e+01,9.037223925433380600e+00,0.000000000000000000e+00,0.000000000000000000e+00
2.000000000000000000e+00,1.762310134614700763e-01,3.456824386329453347e+01,1.556351942700188451e-01,0.000000000000000000e+00,7.247421728146462294e-02,4.444444444444437536e+00,-3.007192102076008311e+01,4.496322842534450359e+00,1.172187338112493205e+00,4.444444444444444642e+00,3.012379941885008705e+01,0.000000000000000000e+00,0.000000000000000000e+00,1.800000000000000000e+01,9.037223925433380600e+00,0.000000000000000000e+00,0.000000000000000000e+00
2.000000000000000000e+00,4.516918661725902062e+00,3.456824386329453347e+01,6.358859930753618661e-02,0.000000000000000000e+00,3.008181774310716289e-02,2.666666666666666075e+01,-1.232482544130313329e+01,2.224341842199140018e+01,6.198684453591171817e+00,2.222222222222222143e+01,1.234602164107231026e+01,0.000000000000000000e+00,0.000000000000000000e+00,1.800000000000000000e+01,9.037223925433380600e+00,0.000000000000000000e+00,0.000000000000000000e+00
2.000000000000000000e+00,2.669674848440976689e+01,3.456824386329453347e+01,2.329239512066599502e-02,0.000000000000000000e+00,1.455355432932983230e-02,4.888888888888888573e+01,-1.233825750936541965e+01,2.222998635392911382e+01,6.198684453591171817e+00,2.222222222222222143e+01,1.234602164107231026e+01,0.000000000000000000e+00,0.000000000000000000e+00,1.800000000000000000e+01,9.037223925433380600e+00,0.000000000000000000e+00,0.000000000000000000e+00
2.000000000000000000e+00,4.890344244321821776e+01,3.456824386329453347e+01,6.897886188122529916e+01,0.000000000000000000e+00,2.513975674462356835e+01,-7.105427357601001859e-15,1.064693231933610207e+01,4.521517618263063554e+01,6.198684453591171817e+00,2.222222222222222143e+01,1.234602164107231026e+01,0.000000000000000000e+00,0.000000000000000000e+00,1.800000000000000000e+01,9.037223925433380600e+00,0.000000000000000000e+00,0.000000000000000000e+00
2.000000000000000000e+00,2.513975674462356125e+01,3.456824386329452636e+01,2.843444976090850673e+01,0.000000000000000000e+00,6.183456904017898381e+00,1.333333333333332504e+01,-1.175676060965835745e+01,2.281148325363616891e+01,3.565550899587605294e+00,1.333333333333333215e+01,2.123491052996119777e+01,0.000000000000000000e+00,0.000000000000000000e+00,1.800000000000000000e+01,9.037223925433380600e+00,0.000000000000000000e+00,0.000000000000000000e+00
2.000000000000000000e+00,1.951679023735122342e+01,3.456824386329452636e+01,6.043215954492472619e+00,0.000000000000000000e+00,2.154646267689583006e+00,2.666666666666665719e+01,-1.922050521179703964e+01,1.534773865149748673e+01,3.565550899587605294e+00,1.333333333333333215e+01,2.123491052996119777e+01,0.000000000000000000e+00,0.000000000000000000e+00,1.800000000000000000e+01,9.037223925433380600e+00,0.000000000000000000e+00,0.000000000000000000e+00
2.000000000000000000e+00,2.882131293435623931e+01,3.456824386329452636e+01,1.706154049714039056e+00,0.000000000000000000e+00,1.017210234546890302e+00,3.999999999999998579e+01,-2.066619251338985563e+01,1.390205134990467073e+01,3.565550899587605294e+00,1.333333333333333215e+01,2.123491052996119777e+01,0.000000000000000000e+00,0.000000000000000000e+00,1.800000000000000000e+01,9.037223925433380600e+00,0.000000000000000000e+00,0.000000000000000000e+00
2.000000000000000000e+00,4.101721023454687298e+01,6.256824386329452636e+01,5.448346655258091431e+01,0.000000000000000000e+00,1.802823253282627292e+01,-1.421085471520200372e-14,-3.107375501243422633e+01,3.149448885086030003e+01,3.565550899587605294e+00,1.333333333333333215e+01,4.923491052996119777e+01,0.000000000000000000e+00,0.000000000000000000e+00,4.600000000000000000e+01,1.656824386329453347e+01,1.180091279729187761e+02,0.000000000000000000e+00
2.000000000000000000e+00,1.802823253282625870e+01,1.103431756136705530e+02,2.062351368999078005e+01,0.000000000000000000e+00,4.279223406165753474e+00,4.444444444444430431e+00,-9.902422660589584780e+01,1.131894900777470525e+01,1.085140229992932692e+00,4.444444444444444642e+00,1.058987311692261102e+02,0.000000000000000000e+00,0.000000000000000000e+00,4.600000000000000000e+01,6.434317561367055305e+01,1.101059689645699224e+00,0.000000000000000000e+00
2.000000000000000000e+00,8.723667850610183905e+00,1.103431756136705530e+02,3.313508872415296569e+00,0.000000000000000000e+00,2.070217491222222428e+00,3.111111111111109651e+01,-8.257200598953212989e+01,2.777116962413842316e+01,7.608634883593028420e+00,2.666666666666666430e+01,8.367650894700389586e+01,0.000000000000000000e+00,0.000000000000000000e+00,4.600000000000000000e+01,3.509627760745666336e+01,0.000000000000000000e+00,0.000000000000000000e+00
2.000000000000000000e+00,3.318132860233331627e+01,1.098963480052423023e+02,4.772164123610070163e+01,0.000000000000000000e+00,1.470023444493286391e+01,2.666666666666665364e+01,-5.398913425987540649e+01,5.590721374536689581e+01,1.152104676325137866e+01,4.000000000000000000e+01,6.989634800524230229e+01,0.000000000000000000e+00,0.000000000000000000e+00,4.600000000000000000e+01,3.485255345740487343e+01,0.000000000000000000e+00,0.000000000000000000e+00
2.000000000000000000e+00,4.136690111159951755e+01,1.094526233663169990e+02,4.475889577376676698e+01,0.000000000000000000e+00,2.638748373532799008e+00,5.333333333333331439e+01,-5.008854699728364324e+01,5.936407636903335572e+01,1.282481501532667068e+01,4.444444444444444287e+01,6.500817892187255609e+01,0.000000000000000000e+00,0.000000000000000000e+00,4.600000000000000000e+01,3.461052183617290012e+01,0.000000000000000000e+00,0.000000000000000000e+00
2.000000000000000000e+00,5.597208170686611339e+01,1.090119801484953541e+02,4.841667839266526130e+01,0.000000000000000000e+00,1.036096277842262481e+01,5.999999999999997868e+01,-4.620642068427360272e+01,6.280555946422175140e+01,1.321861088081706903e+01,4.666666666666666430e+01,6.234531348182869692e+01,0.000000000000000000e+00,0.000000000000000000e+00,4.600000000000000000e+01,3.437017099008837562e+01,0.000000000000000000e+00,0.000000000000000000e+00
2.000000000000000000e+00,7.036096277842260349e+01,1.085743969530196864e+02,1.085377907227649672e+02,0.000000000000000000e+00,1.800243562991263957e+01,3.999999999999997868e+01,-1.239513337876469734e+01,9.617926357425498907e+01,1.763648490481506315e+01,5.999999999999999289e+01,4.857439695301970062e+01,0.000000000000000000e+00,0.000000000000000000e+00,4.600000000000000000e+01,3.413148924710164778e+01,0.000000000000000000e+00,0.000000000000000000e+00
2.000000000000000000e+00,5.800243562991261825e+01,1.081398525297348385e+02,2.045135433474691311e+01,0.000000000000000000e+00,4.368199406748031421e+00,8.888888888888887152e+01,-5.243384552926364250e+01,5.570600700047119602e+01,1.410385617060447316e+01,4.888888888888888573e+01,5.925096364084595280e+01,0.000000000000000000e+00,0.000000000000000000e+00,4.600000000000000000e+01,3.389446501621899444e+01,0.000000000000000000e+00,0.000000000000000000e+00
2.000000000000000000e+00,9.325708829563690472e+01,1.077083257760561423e+02,4.289173060118233138e+01,0.000000000000000000e+00,2.440379005959808723e+00,1.333333333333333144e+02,-2.229997113121758900e+01,8.540835464483855333e+01,2.089901585054986199e+01,7.111111111111111427e+01,3.659721466494502096e+01,0.000000000000000000e+00,0.000000000000000000e+00,4.600000000000000000e+01,3.365908678693970302e+01,0.000000000000000000e+00,0.000000000000000000e+00
2.000000000000000000e+00,1.357737123392931267e+02,1.072797957359446173e+02,1.416422009303147149e+02,0.000000000000000000e+00,1.467891171908333092e+01,1.022222222222222001e+02,1.548982679638248783e+01,1.227696225323271051e+02,2.246037652896797354e+01,7.555555555555555713e+01,3.172424018038906723e+01,0.000000000000000000e+00,0.000000000000000000e+00,4.600000000000000000e+01,3.342534312869705815e+01,0.000000000000000000e+00,0.000000000000000000e+00
2.000000000000000000e+00,1.169011339413055310e+02,1.068542415988894447e+02,1.527918517206526019e+02,0.000000000000000000e+00,4.170656612753715820e+01,2.444444444444441800e+01,-4.812513247560801233e+00,1.020417283513286435e+02,1.468051773023525541e+01,5.111111111111110716e+01,5.574313048777833757e+01,0.000000000000000000e+00,0.000000000000000000e+00,4.600000000000000000e+01,3.319322269030333672e+01,0.000000000000000000e+00,0.000000000000000000e+00
2.000000000000000000e+00,6.615101057198157264e+01,1.064316426988971500e+02,6.249143867915999095e+01,0.000000000000000000e+00,4.560700809716422555e-02,1.044444444444444287e+02,-5.601163139177145922e+00,1.008304795597200041e+02,2.455053880301864311e+01,8.000000000000000000e+01,2.643164269889715356e+01,0.000000000000000000e+00,0.000000000000000000e+00,4.600000000000000000e+01,3.296271419939845515e+01,0.000000000000000000e+00,0.000000000000000000e+00
2.000000000000000000e+00,1.044900514525415929e+02,1.060119785134881454e+02,1.404327324171649423e+02,0.000000000000000000e+00,9.086822984109832646e+01,-1.421085471520200372e-14,2.079893229223353046e+01,1.268109108057216758e+02,2.455053880301864311e+01,8.000000000000000000e+01,2.601197851348814183e+01,0.000000000000000000e+00,0.000000000000000000e+00,4.600000000000000000e+01,3.273380646190262411e+01,0.000000000000000000e+00,0.000000000000000000e+00
2.000000000000000000e+00,9.086822984109831225e+01,9.659522866270002339e+01,1.008466069991961405e+02,0.000000000000000000e+00,2.363715850830089948e+01,4.666666666666665009e+01,-1.631302632963462429e+01,8.028220233306539910e+01,1.405636866827486209e+01,4.666666666666666430e+01,4.992856199603335909e+01,0.000000000000000000e+00,0.000000000000000000e+00,3.700000000000000000e+01,3.250648836147274778e+01,0.000000000000000000e+00,0.000000000000000000e+00
2.000000000000000000e+00,7.030382517496755668e+01,9.618137290809792717e+01,2.620573071575982027e+01,0.000000000000000000e+00,6.166671364461020488e+00,9.333333333333331439e+01,-4.077946266951133225e+01,5.540191023858659491e+01,1.405636866827486209e+01,4.666666666666666430e+01,4.951470624143126997e+01,0.000000000000000000e+00,0.000000000000000000e+00,3.700000000000000000e+01,3.228074885896251800e+01,0.000000000000000000e+00,0.000000000000000000e+00
2.000000000000000000e+00,9.950000469779433843e+01,9.577039115179171347e+01,1.080760962615660645e+02,0.000000000000000000e+00,2.078260719008363822e+01,6.666666666666665719e+01,2.549742687302938293e-01,9.602536542052200730e+01,1.787086586493371954e+01,6.000000000000000000e+01,3.577039115179171347e+01,0.000000000000000000e+00,0.000000000000000000e+00,3.700000000000000000e+01,3.205657699188639498e+01,0.000000000000000000e+00,0.000000000000000000e+00
2.000000000000000000e+00,8.744927385675029541e+01,9.536226343545983752e+01,1.320708333117599977e+02,0.000000000000000000e+00,3.846496093354744517e+00,6.666666666666665719e+01,1.977245877957126652e+01,1.151347222150311040e+02,2.180742393898584552e+01,7.111111111111111427e+01,2.425115232434871970e+01,0.000000000000000000e+00,0.000000000000000000e+00,3.700000000000000000e+01,3.183396187388717991e+01,0.000000000000000000e+00,0.000000000000000000e+00
2.000000000000000000e+00,7.051316276002140171e+01,9.495696993938025798e+01,4.577974412373587043e+00,0.000000000000000000e+00,7.945131517723531545e-01,1.377777777777777715e+02,-2.231986735747796047e+01,7.263710258190229752e+01,2.158890028959415730e+01,7.111111111111111427e+01,2.384585882826913661e+01,0.000000000000000000e+00,0.000000000000000000e+00,3.700000000000000000e+01,3.161289269420740666e+01,0.000000000000000000e+00,0.000000000000000000e+00
2.000000000000000000e+00,1.385722909295501211e+02,9.455449098146787890e+01,2.018327367506260543e+02,0.000000000000000000e+00,7.512824420691052296e+01,-7.105427357601001859e-15,4.383419904651853471e+01,1.383886900279863994e+02,2.158890028959415730e+01,7.111111111111111427e+01,2.344337987035676818e+01,0.000000000000000000e+00,0.000000000000000000e+00,3.700000000000000000e+01,3.139335871716430404e+01,0.000000000000000000e+00,0.000000000000000000e+00
2.000000000000000000e+00,7.512824420691052296e+01,9.415480701631879867e+01,9.360615320893809610e+01,0.000000000000000000e+00,1.272414206761845890e+01,6.222222222222221433e+01,-7.305337244505523131e-01,9.342427329186824636e+01,1.773048778102235801e+01,6.222222222222222854e+01,3.193258479409656658e+01,0.000000000000000000e+00,0.000000000000000000e+00,3.700000000000000000e+01,3.117534928162844210e+01,0.000000000000000000e+00,0.000000000000000000e+00
2.000000000000000000e+00,7.494636428984067322e+01,9.375789863426102499e+01,1.399823690169375467e+01,0.000000000000000000e+00,3.391984133155956371e+00,1.355555555555555429e+02,-1.575848633369645313e+01,7.799941230056457186e+01,2.066801245177768109e+01,7.333333333333334281e+01,2.042456530092768574e+01,0.000000000000000000e+00,0.000000000000000000e+00,3.700000000000000000e+01,3.095885380050602365e+01,0.000000000000000000e+00,0.000000000000000000e+00
2.000000000000000000e+00,1.389475396887114869e+02,9.336374656041198250e+01,4.779411906456125791e+00,0.000000000000000000e+00,2.057095288518722143e-01,2.088888888888888857e+02,-1.843727592492658118e+01,7.492647063548540132e+01,2.066801245177768109e+01,7.333333333333334281e+01,2.003041322707864680e+01,0.000000000000000000e+00,0.000000000000000000e+00,3.700000000000000000e+01,3.074386176022473194e+01,0.000000000000000000e+00,0.000000000000000000e+00
2.000000000000000000e+00,2.090945984177407695e+02,9.297233165374245800e+01,3.177869643838960201e+02,0.000000000000000000e+00,3.723662216181008944e+01,3.333333333333332860e+01,8.628998980755619641e+01,1.792623214612986544e+02,2.066801245177768109e+01,7.333333333333334281e+01,1.963899832040912230e+01,0.000000000000000000e+00,0.000000000000000000e+00,3.700000000000000000e+01,3.053036272022317021e+01,0.000000000000000000e+00,0.000000000000000000e+00
2.000000000000000000e+00,7.056995549514341803e+01,9.258363490614702584e+01,7.299975353601116979e+01,0.000000000000000000e+00,3.301456424891375008e+01,6.000000000000000000e+01,2.860727383634468879e+00,9.544436228978149472e+01,2.108343075778220310e+01,7.111111111111111427e+01,2.147252379503591158e+01,0.000000000000000000e+00,0.000000000000000000e+00,3.700000000000000000e+01,3.031834631244384681e+01,0.000000000000000000e+00,0.000000000000000000e+00
2.000000000000000000e+00,9.301456424891375718e+01,9.219763744152101026e+01,1.330292126150351066e+02,0.000000000000000000e+00,4.210620028333478615e+01,2.222222222222222499e+01,1.214543343015736809e+01,1.043430708716783784e+02,1.814590608702688002e+01,6.000000000000000000e+01,3.219763744152101026e+01,0.000000000000000000e+00,0.000000000000000000e+00,3.700000000000000000e+01,3.010780224082965262e+01,0.000000000000000000e+00,0.000000000000000000e+00
2.000000000000000000e+00,6.432842250555701469e+01,9.181432051484378576e+01,8.888423437784473435e+01,0.000000000000000000e+00,1.618337736477162991e+01,6.666666666666668561e+01,1.559153538888223522e+01,1.074058559037260210e+02,2.407621035623090577e+01,7.777777777777778567e+01,1.403654273706599831e+01,0.000000000000000000e+00,0.000000000000000000e+00,3.700000000000000000e+01,2.989872028082389122e+01,0.000000000000000000e+00,0.000000000000000000e+00
2.000000000000000000e+00,8.285004403143831553e+01,9.143366551126848663e+01,1.669067018227150641e+02,0.000000000000000000e+00,2.935668726073936341e+01,8.888888888888901718e+00,3.086856842963651104e+01,1.223022339409049977e+02,2.066917288233155503e+01,6.666666666666667140e+01,2.476699884460181167e+01,0.000000000000000000e+00,0.000000000000000000e+00,3.700000000000000000e+01,2.969109027887371965e+01,0.000000000000000000e+00,0.000000000000000000e+00
2.000000000000000000e+00,3.824557614962826335e+01,9.105565394521799760e+01,6.329293503835432944e+01,0.000000000000000000e+00,4.947305685031437861e-01,6.888888888888889994e+01,3.375324400900097999e+00,9.443097834611809560e+01,2.234325258832689443e+01,7.333333333333332860e+01,1.772232061188466901e+01,0.000000000000000000e+00,0.000000000000000000e+00,3.700000000000000000e+01,2.948490215193709574e+01,0.000000000000000000e+00,0.000000000000000000e+00
2.000000000000000000e+00,6.938361945739204373e+01,9.068026745948731104e+01,9.306839530233236246e+01,0.000000000000000000e+00,4.511580036694822837e+01,3.111111111111112848e+01,9.231419863512357438e+00,9.991168732299966848e+01,2.101252761252799672e+01,6.888888888888888573e+01,2.179137857059843242e+01,0.000000000000000000e+00,0.000000000000000000e+00,3.700000000000000000e+01,2.928014588699308618e+01,0.000000000000000000e+00,0.000000000000000000e+00
2.000000000000000000e+00,7.622691147805934975e+01,9.030748782435199473e+01,8.465471882895973010e+01,0.000000000000000000e+00,3.534598781430840830e+01,4.222222222222223564e+01,-4.311470436920984639e+00,8.599601738743101009e+01,1.686343794464145773e+01,5.777777777777777857e+01,3.252971004657420906e+01,0.000000000000000000e+00,0.000000000000000000e+00,3.700000000000000000e+01,2.907681154055563866e+01,0.000000000000000000e+00,0.000000000000000000e+00
2.000000000000000000e+00,7.756821003653064395e+01,8.993729693668286984e+01,2.940835117661745102e+01,0.000000000000000000e+00,1.574042036323010763e+01,1.222222222222222285e+02,-1.345132111437266076e-01,8.980278372553914323e+01,2.383632421547037694e+01,8.000000000000000000e+01,9.937296936682869841e+00,0.000000000000000000e+00,0.000000000000000000e+00,3.700000000000000000e+01,2.887488923819066500e+01,0.000000000000000000e+00,0.000000000000000000e+00
2.000000000000000000e+00,1.379626425854523291e+02,8.956967681906701273e+01,2.722096122256436246e+01,0.000000000000000000e+00,4.259779548187200504e+00,1.955555555555555429e+02,-4.960230782122323490e-01,8.907365374085478038e+01,2.383632421547037694e+01,8.000000000000000000e+01,9.569676819067012730e+00,0.000000000000000000e+00,0.000000000000000000e+00,3.700000000000000000e+01,5.256967681906701984e+01,8.995880525187937016e-01,0.000000000000000000e+00
2.000000000000000000e+00,1.998153351037427399e+02,8.956967681906701273e+01,2.763071212532159393e+02,0.000000000000000000e+00,9.338836537937658022e+01,-1.421085471520200372e-14,8.031047470978276692e+01,1.698801515288497797e+02,2.364532284484396030e+01,7.777777777777777146e+01,1.179189904128923772e+01,0.000000000000000000e+00,0.000000000000000000e+00,3.700000000000000000e+01,5.256967681906701984e+01,8.995880525187937016e-01,0.000000000000000000e+00
2.000000000000000000e+00,9.338836537937656601e+01,8.956967681906702694e+01,9.387369406153328555e+01,0.000000000000000000e+00,3.080590267168772556e+01,8.222222222222221433e+01,2.394377675699962538e+01,1.135134535760666523e+02,2.519785198362242440e+01,8.222222222222222854e+01,7.347454596844793961e+00,0.000000000000000000e+00,0.000000000000000000e+00,3.700000000000000000e+01,5.256967681906701984e+01,8.995880525187937016e-01,0.000000000000000000e+00
2.000000000000000000e+00,1.130281248939099328e+02,8.956967681906702694e+01,1.284107301408599255e+02,0.000000000000000000e+00,6.964319368889223938e+01,3.999999999999998579e+01,3.545612211677519099e+01,1.250257989358422179e+02,2.519785198362242440e+01,8.222222222222222854e+01,7.347454596844793961e+00,0.000000000000000000e+00,0.000000000000000000e+00,3.700000000000000000e+01,4.445667601507967959e+01,5.941574340157410594e-01,0.000000000000000000e+00
2.000000000000000000e+00,1.096431936888922252e+02,8.944572819567277122e+01,1.066604515277603866e+02,0.000000000000000000e+00,5.853622600371865303e+01,6.222222222222220722e+01,2.832997786913624338e+01,1.177757060648090146e+02,2.419185737180298901e+01,8.222222222222222854e+01,7.223505973450537354e+00,0.000000000000000000e+00,0.000000000000000000e+00,3.700000000000000000e+01,2.860676083400333525e+01,0.000000000000000000e+00,0.000000000000000000e+00
2.000000000000000000e+00,1.207584482259408674e+02,8.908152174986946648e+01,1.796203349444379569e+02,0.000000000000000000e+00,6.323378048520449113e+01,1.111111111111109473e+01,4.412525656494321424e+01,1.332067783148126807e+02,2.153718153871837870e+01,7.333333333333332860e+01,1.574818841653613788e+01,0.000000000000000000e+00,0.000000000000000000e+00,3.700000000000000000e+01,2.840810277265609329e+01,0.000000000000000000e+00,0.000000000000000000e+00
2.000000000000000000e+00,7.434489159631559119e+01,8.871984451549538164e+01,7.397944211512759694e+01,0.000000000000000000e+00,1.391415240845275747e+01,8.666666666666665719e+01,1.149552507843604587e+01,1.002153695939314275e+02,2.266951275780226993e+01,7.555555555555555713e+01,1.316428895993982451e+01,0.000000000000000000e+00,0.000000000000000000e+00,3.700000000000000000e+01,2.821082428117931329e+01,0.000000000000000000e+00,0.000000000000000000e+00
2.000000000000000000e+00,1.005808190751194218e+02,8.836067892858221740e+01,1.161531975335022793e+02,0.000000000000000000e+00,6.536757627500679746e+01,3.333333333333332149e+01,2.591260913814076616e+01,1.142732880667229836e+02,2.266951275780226993e+01,7.555555555555555713e+01,1.280512337302666204e+01,0.000000000000000000e+00,0.000000000000000000e+00,3.700000000000000000e+01,2.801491577922667986e+01,0.000000000000000000e+00,0.000000000000000000e+00
2.000000000000000000e+00,9.870090960834011184e+01,8.800400754713373885e+01,1.154968121015706117e+02,0.000000000000000000e+00,3.281414598507082303e+01,4.888888888888887152e+01,1.049492982005645558e+01,9.849893736719019444e+01,1.804485224291405387e+01,6.000000000000000000e+01,2.800400754713373175e+01,0.000000000000000000e+00,0.000000000000000000e+00,3.700000000000000000e+01,2.782036775298204745e+01,0.000000000000000000e+00,0.000000000000000000e+00
2.000000000000000000e+00,8.170303487395969455e+01,8.764981305027862390e+01,1.656482420610971644e+02,0.000000000000000000e+00,2.015976238878380400e+01,2.444444444444442865e+01,4.089960097008707862e+01,1.285494140203657025e+02,2.223049173176706361e+01,7.333333333333332860e+01,1.431647971694529886e+01,0.000000000000000000e+00,0.000000000000000000e+00,3.700000000000000000e+01,5.064981305027864522e+01,8.667347687748213625e-01,0.000000000000000000e+00
2.000000000000000000e+00,4.460420683322823265e+01,8.764981305027863812e+01,2.672303160264788247e+01,0.000000000000000000e+00,2.344407987018549022e+00,7.999999999999998579e+01,-2.318658029384044994e+01,6.446323275643818818e+01,1.645414838252945344e+01,5.555555555555555713e+01,3.209425749472308098e+01,0.000000000000000000e+00,0.000000000000000000e+00,3.700000000000000000e+01,5.064981305027864522e+01,8.667347687748213625e-01,0.000000000000000000e+00
2.000000000000000000e+00,8.234440798701854192e+01,8.764981305027863812e+01,1.002127335483092452e+02,0.000000000000000000e+00,8.869252288145716534e+00,8.888888888888888573e+01,2.797665368804665320e+01,1.156264667383252913e+02,2.455012120728969904e+01,8.222222222222222854e+01,5.427590828056414907e+00,0.000000000000000000e+00,0.000000000000000000e+00,3.700000000000000000e+01,5.064981305027864522e+01,8.667347687748213625e-01,0.000000000000000000e+00
2.000000000000000000e+00,9.775814117703460226e+01,8.764981305027863812e+01,6.813383316231211495e+01,0.000000000000000000e+00,1.678003017993763279e+01,9.555555555555557135e+01,-4.938535329507914184e+00,8.271127772077072393e+01,1.759310118205392826e+01,6.000000000000000000e+01,2.764981305027863812e+01,0.000000000000000000e+00,0.000000000000000000e+00,3.700000000000000000e+01,5.064981305027864522e+01,8.667347687748213625e-01,0.000000000000000000e+00
2.000000000000000000e+00,1.123355857354931970e+02,8.764981305027865233e+01,1.866975793137958703e+02,0.000000000000000000e+00,1.675942174851816446e+01,3.555555555555556424e+01,3.902715783209774258e+01,1.266769708823763949e+02,1.892036835559915176e+01,6.444444444444445708e+01,2.320536860583419525e+01,0.000000000000000000e+00,0.000000000000000000e+00,3.700000000000000000e+01,2.762717075469744898e+01,0.000000000000000000e+00,0.000000000000000000e+00
2.000000000000000000e+00,5.231497730407372870e+01,8.729807823742947903e+01,2.301391721473675034e+01,0.000000000000000000e+00,1.416810272026998163e+00,8.666666666666668561e+01,-2.851566138807277895e+01,5.878241684935670008e+01,1.503218376694138314e+01,5.111111111111111427e+01,3.618696712631837187e+01,0.000000000000000000e+00,0.000000000000000000e+00,3.700000000000000000e+01,2.743531540223427712e+01,0.000000000000000000e+00,0.000000000000000000e+00
2.000000000000000000e+00,8.808347693869367845e+01,8.694878602744734053e+01,6.178210817719448045e+01,0.000000000000000000e+00,4.673182598341789173e+00,9.333333333333334281e+01,-1.524363885727140655e+01,7.170514717017593398e+01,1.503218376694138314e+01,5.111111111111111427e+01,3.583767491633621916e+01,0.000000000000000000e+00,0.000000000000000000e+00,3.700000000000000000e+01,2.724479237860765224e+01,0.000000000000000000e+00,0.000000000000000000e+00
2.000000000000000000e+00,9.800651593167512488e+01,8.660191945781227219e+01,1.312164464760290912e+02,0.000000000000000000e+00,4.163999605876685450e+01,3.777777777777777857e+01,2.602578492308632008e+01,1.126277043808985923e+02,2.101178781683822194e+01,6.888888888888888573e+01,1.771303056892338645e+01,0.000000000000000000e+00,0.000000000000000000e+00,3.700000000000000000e+01,4.960191945781228640e+01,8.488028998128301916e-01,0.000000000000000000e+00
2.000000000000000000e+00,7.941777383654462596e+01,8.660191945781227219e+01,5.889495830897728013e+01,0.000000000000000000e+00,2.376690519448665384e+00,9.555555555555555713e+01,-9.192488910375402611e+00,7.740943054743686957e+01,1.777693719765154512e+01,5.777777777777777857e+01,2.882414168003450072e+01,0.000000000000000000e+00,0.000000000000000000e+00,3.700000000000000000e+01,4.960191945781228640e+01,8.488028998128301916e-01,0.000000000000000000e+00
2.000000000000000000e+00,9.793224607500422962e+01,8.660191945781227219e+01,2.326717946340942866e+00,0.000000000000000000e+00,8.255452218880368065e-01,1.533333333333333428e+02,-2.804856903125417489e+01,5.855335042655809730e+01,1.777693719765154512e+01,5.777777777777777857e+01,2.882414168003450072e+01,0.000000000000000000e+00,0.000000000000000000e+00,3.700000000000000000e+01,4.960191945781228640e+01,8.488028998128301916e-01,0.000000000000000000e+00
2.000000000000000000e+00,1.541588785552213778e+02,8.660191945781227219e+01,2.278293269684108395e+02,0.000000000000000000e+00,5.043835405859908860e-02,6.222222222222222143e+01,4.934118953165801713e+01,1.359431089894702893e+02,1.836013953960619816e+01,6.000000000000000000e+01,2.660191945781227219e+01,0.000000000000000000e+00,0.000000000000000000e+00,3.700000000000000000e+01,4.960191945781228640e+01,8.488028998128301916e-01,0.000000000000000000e+00
2.000000000000000000e+00,6.227266057628082052e+01,8.660191945781228640e+01,9.169458463915621849e+01,0.000000000000000000e+00,1.892071526128778913e+01,6.444444444444445708e+01,2.618516431079537909e+01,1.127870837686076584e+02,2.540670718078099100e+01,8.222222222222222854e+01,4.379697235590055193e+00,0.000000000000000000e+00,0.000000000000000000e+00,3.700000000000000000e+01,4.960191945781228640e+01,8.488028998128301916e-01,0.000000000000000000e+00
2.000000000000000000e+00,8.336515970573225331e+01,8.660191945781227219e+01,1.750228393990481948e+02,0.000000000000000000e+00,2.890548899525565218e+01,1.111111111111112315e+01,4.507236034187044993e+01,1.316742797996827221e+02,2.203217481951591594e+01,7.333333333333332860e+01,1.326858612447894004e+01,0.000000000000000000e+00,0.000000000000000000e+00,3.700000000000000000e+01,2.705559243153398441e+01,0.000000000000000000e+00,0.000000000000000000e+00
2.000000000000000000e+00,4.001660010636677356e+01,8.625746168379970413e+01,6.730000599683840790e+01,0.000000000000000000e+00,6.261040552918935020e+00,6.222222222222224275e+01,9.509206981813100867e+00,9.576666866561279789e+01,2.207960976739305181e+01,7.333333333333334281e+01,1.292412835046636310e+01,0.000000000000000000e+00,0.000000000000000000e+00,3.700000000000000000e+01,2.686770637298166875e+01,0.000000000000000000e+00,0.000000000000000000e+00
2.000000000000000000e+00,6.848326277514118487e+01,8.591539597766220027e+01,1.746234538835763033e+02,0.000000000000000000e+00,1.428984907497917334e+01,1.777777777777779278e+01,5.229242198352989135e+01,1.382078179611920916e+02,2.483521529191504484e+01,8.000000000000000000e+01,5.915395977662198490e+00,0.000000000000000000e+00,0.000000000000000000e+00,3.700000000000000000e+01,2.668112507872484684e+01,0.000000000000000000e+00,0.000000000000000000e+00
2.000000000000000000e+00,3.206762685275696612e+01,8.557570572781732210e+01,6.113171386846643429e+01,0.000000000000000000e+00,9.090928718223771909e+00,5.555555555555556424e+01,8.134865561671482226e+00,9.371057128948879722e+01,2.243885119921953475e+01,7.333333333333334281e+01,1.224237239448398462e+01,0.000000000000000000e+00,0.000000000000000000e+00,3.700000000000000000e+01,3.812048886596068797e+01,4.376338589387412936e-01,0.000000000000000000e+00
2.000000000000000000e+00,6.464648427377933615e+01,8.541597324798340196e+01,1.705324570769565753e+02,0.000000000000000000e+00,6.513735111363843089e+00,2.666666666666667140e+01,5.365040133322433746e+01,1.390663745812077536e+02,2.505503564970782548e+01,8.222222222222222854e+01,3.193751025761176088e+00,0.000000000000000000e+00,0.000000000000000000e+00,3.700000000000000000e+01,4.841597324798341617e+01,8.285086331205713250e-01,0.000000000000000000e+00
2.000000000000000000e+00,3.318040177803051449e+01,8.541597324798340196e+01,8.509092621668111178e+01,0.000000000000000000e+00,3.119784300243097164e+00,4.222222222222222854e+01,1.183655771313253524e+01,9.725253096111593720e+01,2.034406826647789046e+01,6.888888888888888573e+01,1.652708435909450913e+01,0.000000000000000000e+00,0.000000000000000000e+00,3.700000000000000000e+01,4.841597324798341617e+01,8.285086331205713250e-01,0.000000000000000000e+00
2.000000000000000000e+00,4.534200652246532570e+01,8.541597324798340196e+01,4.558260011665669964e+00,0.000000000000000000e+00,8.094429246598355832e-02,1.200000000000000142e+02,-6.118775466317060818e+00,7.929719778166634114e+01,2.312527901295089805e+01,7.777777777777778567e+01,7.638195470205616289e+00,0.000000000000000000e+00,0.000000000000000000e+00,3.700000000000000000e+01,4.841597324798341617e+01,8.285086331205713250e-01,0.000000000000000000e+00
2.000000000000000000e+00,1.200809442924660004e+02,8.541597324798340196e+01,6.598531409354986554e-02,0.000000000000000000e+00,3.695408307028364564e-02,1.977777777777777715e+02,-7.616200365507808101e+00,7.779977288247559386e+01,2.312527901295089805e+01,7.777777777777778567e+01,7.638195470205616289e+00,0.000000000000000000e+00,0.000000000000000000e+00,3.700000000000000000e+01,4.841597324798341617e+01,8.285086331205713250e-01,0.000000000000000000e+00
2.000000000000000000e+00,1.978147318608480418e+02,8.541597324798340196e+01,2.318486627172016199e+02,0.000000000000000000e+00,1.436006782715807617e+01,1.088888888888888857e+02,7.186691432441716643e+01,1.572828875724005684e+02,2.343367973442090957e+01,8.000000000000001421e+01,5.415973247983394856e+00,0.000000000000000000e+00,0.000000000000000000e+00,3.700000000000000000e+01,4.841597324798341617e+01,8.285086331205713250e-01,0.000000000000000000e+00
2.000000000000000000e+00,1.232489567160469619e+02,8.541597324798340196e+01,2.090164548737201926e+02,0.000000000000000000e+00,1.723798680023350016e+01,4.444444444444443576e+01,6.203395615436778598e+01,1.474499294023511879e+02,2.374664510427869857e+01,7.777777777777778567e+01,7.638195470205616289e+00,0.000000000000000000e+00,0.000000000000000000e+00,3.700000000000000000e+01,4.746549898781493937e+01,7.927260727377580807e-01,0.000000000000000000e+00
2.000000000000000000e+00,6.168243124467793592e+01,8.540145211345304688e+01,1.469263379985470230e+01,0.000000000000000000e+00,7.442897600330365293e+00,1.199999999999999858e+02,-4.948351957945938295e+00,8.045310015550711569e+01,2.287127573487661181e+01,7.555555555555555713e+01,9.845896557897489743e+00,0.000000000000000000e+00,0.000000000000000000e+00,3.700000000000000000e+01,4.840145211345306109e+01,8.282601431179128504e-01,0.000000000000000000e+00
2.000000000000000000e+00,1.274428976003303546e+02,8.540145211345304688e+01,1.941198876390034656e+01,0.000000000000000000e+00,3.390460646619024132e+00,1.866666666666666856e+02,-3.375233636597329223e+00,8.202621847685571765e+01,2.287127573487661181e+01,7.555555555555555713e+01,9.845896557897489743e+00,0.000000000000000000e+00,0.000000000000000000e+00,3.700000000000000000e+01,4.840145211345306109e+01,8.282601431179128504e-01,0.000000000000000000e+00
2.000000000000000000e+00,1.900571273132857186e+02,8.540145211345304688e+01,1.528903561094478221e+02,0.000000000000000000e+00,6.146355657365381830e+01,1.000000000000000142e+02,3.889533325636284644e+01,1.242967853698158933e+02,2.256287501340660029e+01,7.333333333333334281e+01,1.206811878011971118e+01,0.000000000000000000e+00,0.000000000000000000e+00,3.700000000000000000e+01,4.840145211345306109e+01,1.720832406147578908e+01,0.000000000000000000e+00
2.000000000000000000e+00,1.614635565736538183e+02,1.000487436775435839e+02,2.391836289377071125e+02,0.000000000000000000e+00,3.534113728184908609e+01,6.222222222222221433e+01,7.523468819058098234e+01,1.752834318681245804e+02,2.918741799756787714e+01,9.555555555555555713e+01,4.493188121988032968e+00,0.000000000000000000e+00,0.000000000000000000e+00,4.500000000000000000e+01,5.504874367754360520e+01,5.327533606924308884e+00,0.000000000000000000e+00
2.000000000000000000e+00,9.756335950407130042e+01,1.018284589655789887e+02,1.305606824405942348e+02,0.000000000000000000e+00,7.274512676589738192e+01,3.555555555555554292e+01,3.946954629239688472e+01,1.412980052579758876e+02,3.006997767024630974e+01,9.777777777777778567e+01,4.050681187801201233e+00,0.000000000000000000e+00,0.000000000000000000e+00,4.500000000000000000e+01,5.682845896557898868e+01,9.724656079671265552e-01,0.000000000000000000e+00
2.000000000000000000e+00,1.083006823214529248e+02,1.018284589655789887e+02,9.969379689877328587e+01,0.000000000000000000e+00,6.282595500048529402e+00,1.111111111111111001e+02,6.958362222900987604e+00,1.087868211884799763e+02,2.294267978158165278e+01,7.555555555555555713e+01,2.627290341002342444e+01,0.000000000000000000e+00,0.000000000000000000e+00,4.500000000000000000e+01,5.682845896557898868e+01,9.569207423621310937e+00,0.000000000000000000e+00
2.000000000000000000e+00,1.173937066111596295e+02,1.053171541034421068e+02,1.355367390406672143e+02,0.000000000000000000e+00,2.259143613960371511e+01,7.999999999999997158e+01,1.541731446566915054e+01,1.207344685691112574e+02,2.294267978158165278e+01,7.555555555555555713e+01,2.976159854788655679e+01,0.000000000000000000e+00,0.000000000000000000e+00,4.500000000000000000e+01,6.031715410344212103e+01,1.032165203909169549e+00,0.000000000000000000e+00
2.000000000000000000e+00,1.025914361396036867e+02,1.053171541034421210e+02,2.530073344465600371e+01,0.000000000000000000e+00,5.724280509833047148e+00,1.599999999999999716e+02,-1.688357628855678172e+01,8.843357781488533931e+01,2.423754316008071186e+01,8.000000000000000000e+01,2.531715410344211747e+01,0.000000000000000000e+00,0.000000000000000000e+00,4.500000000000000000e+01,6.031715410344212103e+01,1.032165203909169549e+00,0.000000000000000000e+00
2.000000000000000000e+00,1.657242805098330223e+02,1.053171541034421210e+02,2.345848290866267121e+02,0.000000000000000000e+00,9.334394452081909321e+00,7.999999999999997158e+01,5.287778892543343545e+01,1.581949430288755707e+02,2.423754316008071186e+01,8.000000000000000000e+01,2.531715410344211747e+01,0.000000000000000000e+00,0.000000000000000000e+00,4.500000000000000000e+01,6.031715410344212103e+01,1.032165203909169549e+00,0.000000000000000000e+00
2.000000000000000000e+00,8.933439445208188090e+01,1.053171541034421210e+02,7.777724523258841671e+00,0.000000000000000000e+00,4.149244769909348207e+00,1.622222222222222001e+02,-2.050235704013358884e+01,8.481479706330853219e+01,2.551673099116009880e+01,8.222222222222222854e+01,2.309493188121988894e+01,0.000000000000000000e+00,0.000000000000000000e+00,4.500000000000000000e+01,6.031715410344212103e+01,1.032165203909169549e+00,0.000000000000000000e+00
2.000000000000000000e+00,1.663714669921315590e+02,1.053171541034421210e+02,1.443132315407082729e+02,0.000000000000000000e+00,6.794042374277050556e+01,8.444444444444442865e+01,2.500947863234949864e+01,1.303266327357916339e+02,2.551673099116009880e+01,8.222222222222222854e+01,2.309493188121988894e+01,0.000000000000000000e+00,0.000000000000000000e+00,4.500000000000000000e+01,6.031715410344212103e+01,1.032165203909169549e+00,0.000000000000000000e+00
2.000000000000000000e+00,1.523848681872149200e+02,1.053171541034421210e+02,2.409430913961182057e+02,0.000000000000000000e+00,3.397836281202501141e+01,5.111111111111110006e+01,6.833054302859727613e+01,1.736476971320394114e+02,2.924230077236096292e+01,9.333333333333334281e+01,1.198382077010877822e+01,0.000000000000000000e+00,0.000000000000000000e+00,4.500000000000000000e+01,6.031715410344212103e+01,1.032165203909169549e+00,0.000000000000000000e+00
2.000000000000000000e+00,8.508947392313611147e+01,1.053171541034421210e+02,1.518468150586646175e+02,0.000000000000000000e+00,3.496937499513749970e+01,2.888888888888887152e+01,2.529845091611275620e+01,1.306156050195548914e+02,2.469785153388498600e+01,8.000000000000000000e+01,2.531715410344211747e+01,0.000000000000000000e+00,0.000000000000000000e+00,4.500000000000000000e+01,6.031715410344212103e+01,1.032165203909169549e+00,0.000000000000000000e+00
2.000000000000000000e+00,6.385826388402637122e+01,1.053171541034421210e+02,9.012661449931925972e+01,0.000000000000000000e+00,3.266274310670242897e+01,6.888888888888887152e+01,2.250282850744206087e+01,1.278199826108841819e+02,2.977419109771343386e+01,9.777777777777777146e+01,7.539376325664347789e+00,0.000000000000000000e+00,0.000000000000000000e+00,4.500000000000000000e+01,6.031715410344212103e+01,1.032165203909169549e+00,0.000000000000000000e+00
2.000000000000000000e+00,1.015516319955912934e+02,1.053171541034421210e+02,1.279968145434888243e+02,0.000000000000000000e+00,8.510931118882099611e+01,2.666666666666665009e+01,3.290400629994306314e+01,1.382211604033851700e+02,2.922015759325942952e+01,9.555555555555554292e+01,9.761598547886578103e+00,0.000000000000000000e+00,0.000000000000000000e+00,4.500000000000000000e+01,6.031715410344212103e+01,1.032165203909169549e+00,0.000000000000000000e+00
2.000000000000000000e+00,1.117759778554876391e+02,1.053171541034421210e+02,1.721140502885837691e+02,0.000000000000000000e+00,2.369994432976514531e+01,7.111111111111110006e+01,4.983197377053025434e+01,1.551491278739723612e+02,2.976598246851968099e+01,9.777777777777777146e+01,7.539376325664347789e+00,0.000000000000000000e+00,0.000000000000000000e+00,4.500000000000000000e+01,6.031715410344212103e+01,1.032165203909169549e+00,0.000000000000000000e+00
2.000000000000000000e+00,9.481105544087624537e+01,1.053171541034421210e+02,3.176129576485267592e+01,0.000000000000000000e+00,2.525747153196693517e+00,1.466666666666666856e+02,-1.917449995960228648e+01,8.614265414383983455e+01,2.266234886203562127e+01,7.555555555555555713e+01,2.976159854788656745e+01,0.000000000000000000e+00,0.000000000000000000e+00,4.500000000000000000e+01,3.290026587460479846e+01,0.000000000000000000e+00,0.000000000000000000e+00
2.000000000000000000e+00,1.491924138198633898e+02,1.048982849777237902e+02,9.126018911296741010e+01,0.000000000000000000e+00,5.724117663344063800e+01,1.066666666666666714e+02,1.077333615487560792e+00,1.059756185932113510e+02,2.266234886203562127e+01,7.555555555555555713e+01,2.934272942216822599e+01,0.000000000000000000e+00,0.000000000000000000e+00,4.500000000000000000e+01,3.267179180603115896e+01,0.000000000000000000e+00,0.000000000000000000e+00
2.000000000000000000e+00,1.639078433001073165e+02,1.044823246653784707e+02,2.772794007594141021e+02,0.000000000000000000e+00,1.461046501605343906e+01,6.222222222222222143e+01,8.572192003220393985e+01,1.902042446975823964e+02,2.947162509067620562e+01,9.777777777777777146e+01,6.704546887600701055e+00,0.000000000000000000e+00,0.000000000000000000e+00,4.500000000000000000e+01,3.244490436293371971e+01,0.000000000000000000e+00,0.000000000000000000e+00
2.000000000000000000e+00,7.683268723827566760e+01,1.040692529663133286e+02,1.311067803972652257e+02,0.000000000000000000e+00,1.609483364009884099e+01,6.888888888888888573e+01,3.518856272166395627e+01,1.392578156879772848e+02,2.874356232264571176e+01,9.555555555555554292e+01,8.513697410757790962e+00,0.000000000000000000e+00,0.000000000000000000e+00,4.500000000000000000e+01,3.221959252708001031e+01,0.000000000000000000e+00,0.000000000000000000e+00
2.000000000000000000e+00,8.498372252898772672e+01,1.036590498207139603e+02,9.887219409668730918e+01,0.000000000000000000e+00,1.684670424230731101e+01,9.555555555555554292e+01,2.263168154484847605e+01,1.262907313655624364e+02,2.797522354397467126e+01,9.333333333333334281e+01,1.032571648738061576e+01,0.000000000000000000e+00,0.000000000000000000e+00,4.500000000000000000e+01,3.199584535675306185e+01,0.000000000000000000e+00,0.000000000000000000e+00
2.000000000000000000e+00,1.124022597978628539e+02,1.032516953080701256e+02,1.178287524494418790e+02,0.000000000000000000e+00,1.384975816490161549e+01,1.155555555555555145e+02,3.158011106396602941e+01,1.348318063720361693e+02,2.881951439653287395e+01,9.555555555555557135e+01,7.696139752514552512e+00,0.000000000000000000e+00,0.000000000000000000e+00,4.500000000000000000e+01,3.177365198622005593e+01,0.000000000000000000e+00,0.000000000000000000e+00
2.000000000000000000e+00,1.294053137204571158e+02,1.028471696462085134e+02,1.286060650084396961e+01,0.000000000000000000e+00,5.276020497672302412e+00,1.977777777777777430e+02,-1.633807859037160881e+01,8.650909105583690462e+01,2.438404397643724053e+01,8.222222222222222854e+01,2.062494742398628844e+01,0.000000000000000000e+00,0.000000000000000000e+00,4.500000000000000000e+01,3.155300162520463303e+01,0.000000000000000000e+00,0.000000000000000000e+00
2.000000000000000000e+00,2.030537982754500490e+02,1.024454531903320742e+02,2.636926332495096972e+02,0.000000000000000000e+00,9.614759833133248890e+01,1.333333333333329485e+01,6.767431344839337726e+01,1.701197666387254515e+02,2.438404397643724053e+01,8.222222222222222854e+01,2.022323096810984211e+01,0.000000000000000000e+00,0.000000000000000000e+00,4.500000000000000000e+01,3.133388355836293826e+01,0.000000000000000000e+00,0.000000000000000000e+00
