0,0,0,0,0,0,0,0
0,0,0,0,0,0,0,0
0,0,0,0,0,0,0,0
0,0,0,0,0,0,0,0
0,0,0,0,0,0,0,0
79.58533797170895,98.24952779551735,14.367047104682777,49.106642443885974,0.0,0.0,0.0,0.0
110.58155565831441,143.75324884709232,19.709722559390908,159.54914445525122,0.0,0.0,0.0,0.0
92.66717327563435,124.53937970886544,19.120191515609957,162.62771869771723,0.0,0.0,0.0,0.0
87.07347926873301,117.83478057825194,15.956762226420343,135.89573554140486,0.0,0.0,0.0,0.0
82.3220613622496,121.37461879369746,15.907301788284217,139.01323917549806,0.0,0.0,0.0,0.0
103.97620557022537,151.96669693362367,18.4462177665811,176.9803621950931,6.159098272834276,0.0,0.0,0.0
108.14984090971309,153.4727215858284,17.79280812775057,181.88398246162157,7.1008620302562955,67.32787235834162,0.0,0.0
107.94565313970799,154.21434527907508,16.437213587595203,179.71911823101672,7.399335941592349,101.4218459438756,0.0,0.0
114.52777445358599,162.4686663412512,16.97762735128551,190.30351614630055,11.801534650989595,147.2862738703631,0.0,0.0
119.63169028212515,164.52711064616284,18.216990606390013,188.88782476112266,11.480908670950672,189.02170705180387,0.0,0.0
93.4430049334376,125.26462366065007,14.07303960549209,141.01290150772945,9.370670074844302,190.6712982632704,0.0,1.0750633365886728
111.00204769573725,145.9844375132328,17.077641241611733,167.54885757719006,7.781659097700221,220.46471272763947,0.0,85.98349123612729
154.18616100338187,199.89162544628394,24.30903720920565,217.40762223426492,10.346862735965242,302.1204378111667,0.43877077508186807,193.91482174331787
111.73396438993373,143.34292560437277,19.46795242942256,161.98558335927777,7.84870613641324,209.37320807130882,0.0176861362128318,125.77411597605813
147.43929487005715,186.12743378152632,23.919956758323575,209.8913842484217,9.272619782132145,276.4390573225245,0.0,165.16576717048198
127.24681665823923,159.96627138241772,22.823595277850124,182.72728149849553,7.964331856797982,228.63522692762146,0.0,165.49593245323305
148.9269430353833,184.20978126212066,30.849638887794995,212.87629324409374,11.609582785102841,263.44223615775735,0.3754266571053473,197.40090140615692
164.51607410373728,196.45424253779734,33.674604144231154,230.65940578556823,13.616303665547044,280.03393793264223,0.0,226.46843383607774
163.65492768915402,192.8653198936379,31.290677065940788,218.55067802696763,12.879316512312945,277.0627858967952,0.0,218.85113811726706
175.6255338606087,203.98013075321776,38.063751976081704,249.3463764630839,17.165356159033024,297.9171753200045,0.0,226.71231894461084
186.02525131697192,212.8458372686182,37.55874984940831,259.11144050439896,18.300426198885337,311.25148203424044,0.0,265.9934607221643
171.10950300679042,193.86024239011985,34.47512083942874,233.4253366022054,18.607607079954978,292.07308786720773,0.38874065617689413,243.0832008180226
213.8875260562088,246.43877456574222,42.6469335172849,289.8845279228595,26.644652958132333,363.21199218481763,0.0,296.50537567563896
156.2646185377203,176.9504541269875,32.130866564627155,215.65756133696723,18.589761563039467,246.3486769818591,0.0,241.22839320347424
186.18370781912637,209.45849997608894,35.34408503531946,249.847147328542,27.404285447635118,300.26478347933187,0.3622220275272649,290.43004021319314
195.8658938790086,209.10912953531897,40.41361099223493,254.75446356575847,28.040211376482922,283.51214021341923,0.34087578784201916,284.49139215115855
201.26364996375008,206.6453353931202,40.491406703064726,256.22349273335226,28.27807434588111,305.32802093643994,0.0,275.07850785829896
231.73892104733514,242.79396167803694,47.76183513423566,292.32989165910885,32.67989503097308,352.2175996430453,0.6440960953468763,342.79842993794597
253.39156039983885,260.0201339371732,52.53244690225944,319.00602676450626,31.670280820673376,377.2608030629116,0.713482885049496,384.70769349502774
247.8119786224169,246.85886451304142,54.396395521265845,307.21897406840804,30.291407023690287,369.4147195187288,0.7075188033661002,412.24743332852745
212.65162078650857,210.2625200004512,50.34742678323773,268.42810182528945,36.78626803710052,308.24047894816255,0.6231815534120654,387.93740671861195
216.80771625762688,212.28515866608942,55.98188022825885,266.3191354743902,35.253024237829294,316.9797350671384,0.6414875592829743,398.55186801448536
241.25606274404424,228.9933816093238,58.313549259140025,264.59463582570174,39.49676911945723,349.1647013118673,0.7072813391567583,449.4499214527566
226.62508934666778,207.4519965241205,48.785580010159926,230.83700522931898,42.121706130427974,300.04892201149437,0.653118157933203,396.5047904437192
303.02917131681795,264.65871160979094,59.418473815593664,299.5827622585207,52.1396584918251,420.13005595012294,0.8593601104048748,492.83854714957903
270.80727614921784,232.7907324006716,56.011060716428716,243.21668634681254,46.31414585806373,361.6266968496924,0.7850864887183475,456.64055201018107
286.30160969628236,238.14399262522136,60.094503111875184,246.33198916978654,48.13609780221286,370.4837332085533,0.8213822302042286,437.6974104645831
228.86944263713997,189.26125382393792,55.2278376919443,203.18654408849773,33.6633541256561,276.59846908061934,0.6714446873906298,358.36621369955844
269.41511170787334,220.3351835561028,69.67521674773171,222.6551463513716,44.8619114427952,343.0069367629705,0.8037341689432059,447.32063236979263
264.43971462185885,221.01194471559327,70.86373714612425,233.21113211019187,49.75126615926539,349.00336726170667,0.7948699887914434,399.3678027627136
284.55685454782747,232.11360402623558,78.49090258700895,235.73282920925703,51.58192497469332,348.4499976921798,1.8327719055378555,381.7968334822873
326.4158863567432,250.69131243145142,85.16368240807068,272.1773978263415,55.83543753428266,404.18404157263615,0.956367027389011,463.39825851294665
287.1972923129568,229.2435430890841,76.97363722265611,253.5086200093588,42.18976544828012,341.78094944440187,0.8626077869281678,418.56227472146804
281.8932008066267,215.8448094808574,77.00290974607583,245.76749113406746,36.48963420409092,338.54880081246415,0.8479036728623709,381.97673264509564
300.57201878580724,228.13157282013884,86.97022469216941,279.17616230749695,38.50571481285968,367.09942354373806,0.93817793065432,444.79272631900193
319.2434837645149,239.57188126617973,93.63739049284723,286.74741027370527,42.79752493326552,393.8183732040005,1.0125481106955763,460.70395960167934
320.84804140970397,225.698071244776,94.71917422250816,272.75746220150256,41.67854686760542,402.17689679518725,1.0219849902900768,436.7385828397503
295.1393725581333,204.26161347182202,85.93546501409811,259.5289929659144,42.76476469608693,348.7796048429161,0.9660566852877026,417.8004957337355
356.70661874985103,252.9325368345737,104.63494719055912,319.05241342031155,48.9231738819,453.4081973855912,1.1981042000223168,542.9915284406057
322.7485509512732,227.94406534409777,94.27268999967427,277.4179724432153,48.06338129155082,419.0695399948081,1.1227110470282655,501.0648609068891
353.0222800727253,232.00004297917732,94.95994533133168,268.50583891982774,33.90953491049665,422.5112156430089,6.391210881958022,515.2660351076056
353.6614147111377,217.8029716011725,92.50281377428432,290.5035688926374,47.80101824130831,409.1794305215575,1.499164325090142,506.07537846427164
387.22626751617423,222.5669857449656,98.26249730298916,291.9412243877104,53.824563568130884,407.3332638856425,1.3833080508644182,552.6162769023733
429.73397078941343,252.169382220059,119.83889464547761,296.9814162051259,71.24437578826534,455.9673448192898,1.557643225767229,610.7575766303577
408.53973968246663,240.99615937743712,128.94506692826775,272.3257719576854,55.428075117656164,404.0203816993256,1.5579541082073465,604.7759995237082
394.99250818171623,247.25638727445534,130.2362553878445,279.27325706373557,68.88822027951767,386.0419406598284,1.592760065828459,540.2973333205648
352.6305002105652,207.06129562439554,120.2808950374058,242.49523617292135,67.51376329450339,324.88002202856666,1.4912744542236338,515.6083296934597
384.1411760329645,212.9247366193594,121.85316199036225,238.6694877296356,64.39624291078056,349.6325582984249,3.257174822993675,486.26238533107914
415.1731969877142,218.64078527896808,113.04599606266716,250.6904783922638,69.96207713455595,357.08727350115356,7.412632139263627,505.82833340856274
590.3121250916645,295.88604647483487,150.16387513776465,307.8098772719878,95.27928337685148,462.1971523989421,12.501565028668317,745.7666942190945
544.7152414927157,274.7349852994139,123.00967762446098,289.9572438251859,138.64891248011006,363.63222495158993,13.419717786738278,605.5849603512883
546.7590803205583,248.48597908721942,123.01354365590646,329.69386635113074,153.89834038231072,277.9704719564606,18.26266378498932,549.5981392764297
463.02089842698365,206.3260519611681,105.04628026931825,292.44936027342317,134.01322399430126,158.71581738393166,27.97981022908673,470.2060855851897
548.4566746874535,247.21436961199538,158.85306155797414,359.6488431708799,149.63779835691773,119.84647830343866,4.501437700570797,496.24951207710706
581.1021246015395,237.29655021467067,168.99457735970665,349.71814468300755,144.5592745333297,277.6441188568613,10.229219036101329,375.71480162542724
518.6660421227208,257.2431420657048,170.96283917542752,326.0055936388085,123.77116811114905,318.23440583357933,10.371538080321347,398.9042153712631
627.893232330739,258.2587398893655,192.36290860002987,329.6726270199127,108.72459432868207,282.2192331638521,12.541287371913194,551.7868403983169
720.9118316558358,328.4680786175345,192.34491463838592,384.729594606107,173.64004191952574,234.98235742788975,16.09186385306794,441.3256747289578
690.2041056489483,292.9226833391262,192.15812460307689,374.2413815813897,168.6742246343137,195.2717408966974,16.822596845229437,553.4250353087539
665.8173142421489,278.1650631250871,159.08197426428376,406.6195329430253,77.15136508987968,158.92474980286414,18.902383204901145,503.7809074872395
721.674657737084,312.57021193544523,209.75611069290215,365.15717421901223,93.83767565447245,207.40655425715562,14.848783494903262,762.4954108564467
697.7042482651915,313.4518103859753,193.85181206119702,417.42173142884195,95.73696181494944,210.31257857879189,31.01845540095443,405.4370441430632
669.9364562318516,284.26025211623113,152.07782311818337,238.5554006198453,184.47230233315574,122.4767264346866,27.892227037783712,566.7206183349256
699.7103277016446,334.790197886588,157.9569865274425,411.2202113027548,84.12553320552381,98.8725936358676,45.97271475280769,393.5961197486559
642.0880626576943,304.9264260980032,194.27288442013472,298.81199679873106,66.73044447702387,182.86651449470938,37.127031889999635,554.1928695575522
581.3860074696402,267.0608015321757,181.02221783015318,304.78097099040446,133.2457286427471,107.61537195526977,35.14816845466905,990.073694197398
589.0697904401214,213.8267555828264,140.66028935141645,290.96784007666787,46.39005249904027,117.56995920190666,38.399428038540805,568.2683990579611
687.9401812178796,269.8159109797032,232.25566407890048,324.0209417229091,129.6455770262993,317.96251728873204,48.734480959855844,708.0263433170761
711.3366376703455,256.6752852212858,172.31834152681066,313.8243027490237,61.47911035155809,426.90296763188843,59.41004644455792,368.7922448006416
556.0621959650707,244.22502497427135,188.18013576248333,305.5721497249569,79.42583371290655,158.24534098406318,50.68230172243361,453.186469623611
708.7266338251192,265.5390789934502,249.74979650729858,266.56210130611333,183.5382197489413,353.3245601570684,90.30595013259122,546.5010419760697
663.5813028592802,202.59540784989875,184.32579821073926,300.73820733450003,72.29303797891025,526.5493765493908,59.47514780376868,957.3048826052916
678.2499494169632,349.91275455162844,125.65342128717201,181.9674250621472,156.37158701321354,623.1820320018496,69.0441304050195,437.3032820663389
768.0019125650497,241.24642302150679,188.90810716401214,160.57048204240806,97.81918034737465,316.40933892168977,110.25443124446076,505.32140835169224
609.4073869696273,190.19825205223486,156.62096438804295,174.74367007678669,127.67095603894226,226.03259005949985,240.9570086416513,439.0789064888841
645.2336618511699,227.72414154888125,189.33226003050402,243.02039969394787,176.87044621544354,635.8503671814375,83.86138321932933,1030.107301604699
540.6813145565928,198.36992432795182,132.18154653467923,180.1222178967231,73.9108390754856,231.45164476294207,100.18336915663693,601.1221129760531
641.9851841152058,254.60845542130127,179.81548616432246,171.1456767288045,58.39309084686289,272.08529552778793,137.64757858402155,527.9252114761177
572.6222428784064,192.09836975012627,174.18512098190615,284.5772658786019,57.01813011653991,267.25101382568965,82.28972782081551,518.5452882246068
817.5450031955648,239.43393305833482,256.59389877411604,169.1061033622214,71.35609757587638,334.45483709866426,66.33268504011309,563.1140474292091
670.3084653716937,248.36340997381205,211.93744519918297,324.3833376635493,86.43827672300766,281.8245928620697,113.7235715836387,627.9349648654195
664.1311999941678,259.47313941405025,156.5189617183346,273.7983397647872,97.01203327417403,320.8161221592305,106.55967362683151,644.7318247075542
681.9221366680715,192.4105710994324,133.7261567377626,224.65933341107612,77.27013258690883,373.0373668767877,106.93855944675282,724.0866501921162
697.032170388941,184.3630481769023,162.16565350378187,209.8339128769734,95.70323455946236,365.1219904221434,116.71491426559425,708.7224563312208
772.2057277881155,192.65008840009918,161.35397236569852,231.81478362602743,132.90547335881018,310.3241452035062,162.57647611595743,822.8368086421285
647.9923188283568,180.1900579478124,145.18707825936258,219.0130550013542,127.38383188760105,352.9761722183191,207.0348712426695,788.6515359681451
763.2512632426394,201.34547141217115,164.05402961326106,209.04039118838222,117.26208069410264,359.6460496670375,182.26751289677935,825.818485796877
661.450695556854,221.40945189941124,134.93988573986144,217.79115524785146,112.56254117417205,300.96306997398585,84.43987880162675,708.8619840495397
794.4111304008333,178.1884510164412,159.12893685894628,203.79625712075085,75.85473846012742,335.47368070206477,54.67492454674038,431.4698777911526
653.9452287711886,154.02844072270167,120.53893552862024,318.6204961719261,43.322032520785555,280.074307124161,131.49223661494057,652.8298488186211
721.6215283818168,180.40512061218732,137.9915101056575,296.7470809442862,82.53660215966599,424.1890606562398,102.4598436961785,788.5422788327203
726.7937428913964,203.75093462106926,148.39160914310997,230.00055586148903,446.7203162070961,319.4784001823238,100.83783462209801,654.1538563533308
658.130015423273,129.37453030873078,166.27509334680883,292.0375453623288,109.89221465215715,778.0139033201322,44.99856359920486,640.9545410243766
626.5714835663484,160.95032568318473,136.02982888223994,214.52715518865156,34.364971830544235,217.21044083338052,190.24708726757666,523.147487014338
631.8366957372881,211.90593449609852,232.5615785836911,313.51627119118507,50.340581427312436,345.15542937118573,270.58373704502225,418.34605829259084
655.9927588459784,238.89922935266895,120.97286936295183,246.53966728674013,46.29032218369784,240.53652382505405,327.0675395272186,507.7834720470871
591.9910714720975,169.848574022423,131.18684086114013,348.32742538105265,58.29022925911849,243.23819145245062,252.5927122570344,466.33392339346887
802.0079931110156,257.5836995366043,157.27529331238685,308.26377370025784,35.56347843012118,359.9097931637391,16.397561266067925,584.2380146637643
683.476750982815,204.51744732574312,139.70459960817146,329.14742403443483,0.0,449.00393298593906,0.0,424.94731712175246
574.5188376178081,190.15037235183064,117.7496393925121,228.8907086337736,0.0,137.14331911760402,192.05328872632248,359.38336195635816
758.4752242324996,286.29047422034876,186.1985497282161,276.51605060773977,26.577732358747355,0.0,273.6558046831907,512.0836188650918
665.0691870469001,222.6973967526121,204.05611079237116,282.8647782728194,45.26216169550467,263.6154213423313,260.6040981135199,345.1755457132206
865.3684091787409,272.48633710987116,236.39659509861153,303.49651280143183,63.11821509957317,287.474795354489,237.84848639557703,53.48671445132196
680.0483983898328,254.98073120184083,225.36019901359688,274.1537172666306,59.88683190842504,0.0,360.6738669986688,116.97841452493111
688.3958944265456,278.5415823331722,183.37832452477386,238.74934103660456,0.0,201.8081407765274,119.17182539722964,647.5308609180807
569.5373381558683,247.14006389327787,177.39710318057024,191.9996100387436,134.59106095119256,77.55391936398945,128.0856503964036,347.30964969036614
579.2035433951038,298.81623763253816,222.64663286320535,287.4730258069553,0.0,83.94921570703599,158.37440995566442,403.65884505887925
696.000350383471,231.00016692651053,193.32814526931767,186.9756863125633,0.0,234.2000694489251,0.0,491.6358481608049
643.2477288162887,226.8909110197753,210.4584585663796,290.05930828450335,248.2748390017325,287.7635082302467,0.0,0.0
509.5680267178436,210.50118369137203,252.33123350298294,179.95649820672136,85.38374589295216,299.52634158849804,311.20367046191666,436.5809441240212
539.4234469201087,268.11715724516426,203.905643714177,157.95967415803193,170.70169081153983,0.0,0.0,474.1503817404337
531.6162333083525,373.34341661772464,233.60074441610348,272.0813963481016,320.96194313037023,463.24441391670723,117.53812282072485,0.0
692.9264273951425,224.95775806587955,219.90196105894844,285.5070566075531,451.7749409763397,0.0,0.0,624.6905499390598
495.7177343466087,164.22783499132953,179.22546693604787,319.6460304276618,90.34181450368087,0.0,0.0,0.0
398.61762260363,174.63643260113295,107.44759058925217,246.94554383364817,0.0,405.0867185539711,0.0,393.8873555878352
671.6204229836818,213.05823899235418,168.40972948377683,275.7411131303288,239.11512523171024,186.56199840515546,471.50331336411386,697.773693033416
476.6420723818682,189.98998976568154,198.71310546722808,219.87501098478697,0.0,0.0,0.0,592.9390094610426
551.0555071945784,243.49032199560824,147.39244836862696,113.29175872344763,188.37810810784515,279.66559451939116,238.43653346016583,0.0
544.9225428395389,173.7415962738133,131.74846848868495,362.78628414534114,106.30153423593057,292.30512431585004,0.0,593.5582116710675
538.2333326274775,139.369606937957,114.35831842059883,217.95562439526788,101.41548235682303,0.0,94.29909158557416,0.0
562.0458065566522,207.40204735665685,131.61481535148536,113.06201256912124,0.0,0.0,234.38135996027307,1197.4346718339048
492.47331372574524,245.57645703643797,141.05478631665417,93.72813656069377,101.55720415802348,299.6405099379417,211.852416229837,1082.3675849369142
489.9365940945181,176.36625546520577,113.719794301317,217.59228518156547,0.0,0.0,230.5274132573473,725.3549815264095
655.4560652097983,293.76963547794617,272.5598390624892,217.0090995630282,175.96394606604943,946.9334526017591,320.43368802421236,0.0
790.2771566152411,272.7625627284896,256.70877907268147,185.4408740261535,0.0,0.0,0.0,0.0
445.10979257578595,147.70256145885884,116.48171367138369,144.1158157164355,0.0,0.0,139.79459620658565,1289.9986450050355
633.8934073060334,147.04804510697832,143.50765696732847,186.36429193828596,170.6154100547072,0.0,305.44862964200206,0.0
547.3660699290094,226.20386459800625,134.85971688857882,331.53605649806,0.0,691.4335041753313,229.480468583198,705.7104253707329
492.9436250748421,189.95174089295352,134.97088980506138,173.40454047908253,0.0,103.34097293264779,0.0,1496.2396013560196
523.6380946831196,137.62684289511708,72.42151049756602,302.628430378901,0.0,347.04607995319935,509.4197326383712,0.0
466.89753396541136,165.23860673202316,97.18865301627451,153.8799680840599,0.0,349.56253026734265,0.0,685.3070056505069
637.3612185911749,164.374414116172,117.70539604804901,276.8088742553228,0.0,0.0,362.10763319770746,520.4340946727127
418.962611993385,150.89393551744612,142.32174816558955,104.73525419868443,69.81239084944352,0.0,55.5421629986553,0.0
611.6733633747858,188.54752342449797,160.78849433375854,298.5825482258693,0.0,0.0,0.0,1035.8352765173952
502.21863415564917,189.5217460420412,165.3756383243315,141.56507045409242,153.97243712030877,0.0,552.2957203586914,0.0
420.4644507395136,153.64886655987084,196.64518958120357,48.5343495671294,101.81662075675956,0.0,264.40629121759076,0.0
804.371295889425,255.61018876190568,299.10550138943296,296.4703420198725,0.0,1420.806692776223,0.0,0.0
597.364062700906,201.62018208246084,135.2621499624723,188.05402517156668,0.0,0.0,0.0,1135.9904996590776
513.8327556325296,153.38298961760768,92.94942872158795,250.24135454115384,11.103929290191031,0.0,367.04796565435487,0.0
363.175041330688,165.85271936254117,48.6452620693793,51.49189625555463,111.94881074716483,327.1704020602704,0.0,715.5715022859033
952.966947251129,428.96858852750796,37.60782353772813,339.29717330586874,233.10099542925136,0.0,0.0,0.0
599.1065709093198,154.55733007710387,243.78674676711657,212.4022772737564,0.0,793.0460712178567,0.0,395.9928481840973
507.0581671476109,305.1098936862844,110.22955979293391,222.1600396746971,0.0,0.0,893.9835002709235,0.0
548.0443728567568,178.98977905054315,73.28940233607292,270.35859161013195,187.21723258173407,0.0,0.0,922.6356079781565
702.7047593257747,167.0664910490018,278.4325242930857,195.02840166062435,0.0,0.0,0.0,1437.3495154294612
469.5174857094315,194.60367838095732,133.6705039737543,492.768636849549,0.0,0.0,391.95041557296014,1150.609500513855
393.65982291392436,85.52855513918158,44.78519697685043,208.8132043361293,0.0,0.0,0.0,826.4863115525352
494.78573769790586,163.0653155980484,141.73158833341873,299.4266362122886,0.0,0.0,0.0,0.0
608.2543862872085,240.16759965740593,169.72691621246656,224.78043471798804,0.0,327.8567217777265,537.1784268602622,0.0
510.6496871855474,183.4226358472405,240.65825716023858,176.12726476030093,0.0,0.0,0.0,0.0
585.9975343476738,252.55725380199945,260.11925770396226,216.17057054109355,191.82237777770132,0.0,0.0,0.0
369.1326337620542,139.8378194856382,158.7607941306798,74.24640375405944,0.0,42.15581752354402,0.0,0.0
527.3536388622317,93.14917139535045,179.5163902836151,191.77783598714922,0.0,1245.228472984666,0.0,0.0
707.0076186527076,258.161415313964,255.53390562825837,489.77750283243245,0.0,0.0,0.0,967.380343887366
485.6263674554806,181.6722683713833,246.53334401713684,287.5198773497449,0.0,579.0026161095054,44.94758738682563,0.0
788.3621063064248,286.3271253849223,195.69596766283655,190.50733637877156,0.0,0.0,0.0,0.0
627.1399986842564,209.0126745587811,69.56301251652889,429.3777094277528,0.0,0.0,858.126369059549,0.0
712.5168462329374,369.38291554348984,140.55587138996387,62.177140052265486,332.6023551398929,1009.7925828495466,0.0,0.0
457.96044035651323,187.41244254850275,101.10525809345091,583.4446699154543,0.0,0.0,192.65660794952916,0.0
662.7488801520562,132.204735356118,156.44750439392342,129.38411773325575,280.53675401280566,4.655211654108825,0.0,0.0
314.06171900683944,147.14431564393948,38.71047822615347,66.96487000261719,172.2529936249619,833.7515933672172,327.9201398590986,0.0
463.32745883783457,186.93275128981975,74.05087659709571,102.48815730967901,245.71753034297922,0.0,0.0,945.9307630964541
479.6977921177644,81.68794305088014,60.01411356423941,79.61039839577819,0.0,386.4544806111132,370.69516148715525,0.0
730.7703329533457,226.3113939169719,273.1853638603683,295.39235280027617,402.9383308975076,0.0,0.0,0.0
318.42475071092764,113.87346344902821,41.67075869855011,82.4517985454799,0.0,0.0,692.7485998235168,0.0
528.6059147040971,97.23440025472858,81.7971788026963,97.18126722682321,373.17535005349316,0.0,0.0,2282.3671097017464
346.6546199221985,170.95782420018236,0.0,0.0,191.31238613918669,548.4451553903285,409.2778170937636,942.8171609267864
340.51544610069516,80.48199557593291,44.17739778888168,127.16819953394929,0.0,0.0,0.0,974.0475624862395
602.5866402153887,170.19531455910698,295.246395868368,184.76194980521797,586.5077099304226,0.0,0.0,0.0
927.8178682206509,462.7418605322887,191.56851693917565,219.50850648002444,0.0,83.22896184212999,0.0,0.0
755.3038220449088,216.0998727258218,126.01099388523295,1053.932849315623,34.901187896010455,0.0,0.0,0.0
504.6429205828225,152.24513831540565,113.37224203646556,118.01797976381826,0.0,0.0,1117.5296412865462,2646.4384838841124
607.6759306520776,375.5496271118711,153.93114777039705,102.13438806693699,213.30292710007075,1240.783225065975,0.0,0.0
442.09641310550114,136.25849804366706,217.04186441981116,108.59313828590501,0.0,679.9691173379376,541.1264335717256,0.0
422.3379562321536,128.11689396331184,151.65921183068477,87.46402315037487,0.0,0.0,0.0,1309.4226881655566
518.1833985172091,100.22434462837347,96.7302874262835,134.40289341220316,294.1279548416474,809.4013183304837,74.3616244856018,1528.1854182147406
426.5497589664351,139.99476254946947,237.36559814663346,104.45342141364327,0.0,0.0,0.0,0.0
453.1234761607226,155.17606553436258,137.56102617796995,290.41049898686384,0.0,0.0,0.0,0.0
499.38053150131054,199.85692955148457,132.74892512611774,0.0,260.5984665236249,741.6391342026782,0.0,0.0
806.0037954669114,192.93509396022705,125.9175031557541,169.6884727715964,0.0,1329.8860846163143,0.0,0.0
524.8277027128544,175.31098932317502,123.37580901509608,163.27963304711142,0.0,0.0,0.0,1490.5134297704228
664.9953376643103,219.0803251569824,0.0,1107.728747242435,0.0,0.0,0.0,0.0
848.4227903567145,363.5965572496823,166.45031359018793,437.0030935992689,0.0,1166.8788623109822,0.0,0.0
625.2563231264313,346.27758435874006,269.7154170346861,151.13359781231077,0.0,0.0,0.0,0.0
612.7185404584072,134.74844261867344,96.33278728528973,176.54711562160054,0.0,0.0,0.0,0.0
766.1096398909023,303.1645522351533,147.9414464120425,242.89970773604617,0.0,0.0,0.0,0.0
1002.5912200973873,449.0037248468778,270.9693647923056,0.0,0.0,0.0,0.0,235.0615990600993
286.5284511134824,86.53216404543431,78.6530245567243,71.93577595781227,376.0281445511416,0.0,1072.6729154978034,943.2138373381695
536.5760507895122,82.47500788260751,81.89041230444859,259.99232143013455,315.83827388502414,905.5970255612208,0.0,0.0
426.18851258332194,128.92321663508537,19.20300378135422,202.5594741471829,0.0,0.0,0.0,974.5728194896905
593.6060046634713,112.50560475230598,50.46321617833796,397.0943425899478,386.106917954246,947.9883823892295,0.0,0.0
706.4177261233705,116.16479827214503,341.0785935859043,182.41938966103524,0.0,0.0,0.0,0.0
593.1366376977528,145.3842054237201,70.00674638336493,256.00240303267384,247.48310654032056,0.0,0.0,2031.6923093166085
512.2764242888474,171.1209105320129,114.56117293313687,121.3792796451451,0.0,0.0,643.5306485585689,0.0
845.888767223666,256.7560969393884,135.84985829952583,0.0,0.0,0.0,0.0,683.2135806199362
341.0346224024864,101.2090686462247,36.01806271431295,117.58055321965327,271.7754657312924,0.0,897.7497795886054,0.0
1055.3857172666737,229.95058816434633,208.36799332088577,23.855181692625013,0.0,0.0,0.0,0.0
546.0838305939291,57.077744517858164,49.30156531250577,230.07622017016323,428.5084451528802,0.0,0.0,0.0
362.1923873520522,99.98686795209309,140.27152564855015,0.0,306.10884778514,0.0,0.0,0.0
514.3118956334733,262.11569305808973,95.88415192285277,345.9788189813888,0.0,1118.9949145445648,0.0,0.0
532.3879493433259,270.835144172181,107.66794097910517,159.5836968071144,0.0,1027.3313786706176,0.0,0.0
633.6572089215631,163.32105505384484,210.7637677004521,165.23477488536847,0.0,0.0,0.0,2194.138425067879
304.2283259990695,81.58728031278672,139.4574624169182,97.40009403339825,0.0,0.0,365.9125245730236,1150.5681590325817
800.7917850014493,182.01633000455834,395.5395768097095,170.00676534362398,0.0,0.0,0.0,0.0
409.68733656883643,185.740538440016,274.57699310647604,0.0,0.0,0.0,0.0,0.0
688.737830412745,155.25622342595057,131.57296933483514,230.31720648076413,0.0,0.0,75.04559837053941,0.0
607.8252350529009,261.822583010901,0.0,207.09191159448042,0.0,1173.7190169405108,0.0,0.0
467.5109184505279,218.84909046159422,178.01471833687336,0.0,0.0,0.0,0.0,0.0
323.1737733237375,136.7973399213513,133.20518826678267,125.44942891254577,0.0,0.0,106.6795809392109,1639.8447267106023
359.7567783622934,97.09647792449269,45.205288313342464,394.26216372277497,0.0,0.0,1314.4602291606902,0.0
673.3873163405669,194.96235537023352,175.26079194634926,0.0,0.0,0.0,0.0,0.0
725.6511073780465,268.8909029546284,158.33022216765752,206.63178147613763,628.8997266044615,0.0,0.0,0.0
489.7233294189519,249.2844799596484,86.85293483344905,275.8559338839579,0.0,0.0,0.0,1830.899044176788
461.7594093289,146.61533016354653,275.54355728480704,0.0,0.0,0.0,619.2160299221722,952.7727498341046
685.2134434286669,170.4466470731424,0.0,421.1193896446788,511.43558977705237,0.0,0.0,0.0
440.7942334181239,98.59437713867901,121.68880159747644,198.54256502189148,0.0,0.0,0.0,0.0
376.00432737073186,124.58516194217692,72.32274674106583,191.20573288214814,0.0,0.0,0.0,2412.8396117722714
721.7031052524497,376.6367994091605,256.74068680320335,506.7430267034739,609.469814983402,0.0,0.0,0.0
424.726591836606,124.26061206602243,210.64619557201638,133.82520041957372,0.0,0.0,0.0,2077.4798522840265
798.774078527501,153.43458238674978,137.16486345373022,202.61560151615768,0.0,0.0,654.9709184102845,0.0
817.1320405761238,143.23877308759182,100.3406569007131,521.7723782227467,0.0,0.0,119.52182314708662,0.0
369.5257324039835,113.43970565783953,250.6201475883542,0.0,0.0,948.9159002960537,674.0080494558282,0.0
332.53349645303723,33.529972474670146,71.01478474667614,107.19948201337358,0.0,0.0,472.5754636442996,0.0
1044.9841427366146,285.326017049162,272.6260896102418,546.0881888289173,0.0,0.0,0.0,0.0
749.6298461863871,111.99600945497164,162.89714130933547,239.96726944206918,0.0,1336.6100343827811,0.0,0.0
984.0239365113758,300.9967531166495,0.0,279.12863475651903,0.0,0.0,1303.2150071439776,0.0
377.13780675127185,209.7004527360256,513.1712385285496,176.43888140354895,0.0,1209.570802570377,0.0,0.0
489.5859923810384,279.5273457203446,210.791980964063,190.71813219666916,436.8708024209434,0.0,0.0,0.0
406.42501692885645,50.189272964111154,183.79666133574563,0.0,0.0,0.0,0.0,1886.706962793452
722.1452095137465,387.4613696541526,663.2846338856607,279.8875948959212,0.0,0.0,0.0,0.0
415.84232558157754,146.08802410070865,63.39371883452496,287.94238483466916,0.0,0.0,544.6215680522095,0.0
859.2539927731816,203.69846956980848,427.19259770719407,332.1152317507252,872.8136001512802,0.0,0.0,0.0
337.23793792495513,111.55518560902252,0.0,0.0,394.3115087590621,1001.4205780408038,571.8174791768994,0.0
523.2178882364994,56.34627240039586,128.3843545773266,0.0,466.231946902733,0.0,0.0,0.0
1013.5347434624758,321.71234630575833,244.68509907311227,0.0,0.0,0.0,0.0,0.0
810.3032524533817,114.25056321025973,284.2383579894474,0.0,0.0,0.0,0.0,0.0
435.53844244334175,162.73696423235637,0.0,0.0,0.0,0.0,0.0,2098.058398567118
408.94247707152977,228.66765294449058,0.0,449.0332489694983,0.0,903.9851592840549,0.0,0.0
307.2565695448159,115.81646287708288,37.041688677949864,209.13876317952094,0.0,0.0,0.0,1285.1211800314748
527.7744916479413,249.11026761992358,247.02444911870296,0.0,0.0,1065.2481463591812,0.0,2333.5411269627666
785.0418754200571,243.56697638419263,96.61412098710731,538.9994600326904,0.0,0.0,0.0,0.0
430.4987436654646,176.06376464473598,0.0,0.0,0.0,839.8362054480492,0.0,0.0
682.2153749326395,189.32726472113757,170.0226770769894,560.6516411846865,0.0,0.0,0.0,0.0
717.7029368419816,418.69487301311017,118.97075834851373,337.861030354195,0.0,0.0,0.0,0.0
431.2677908737169,168.67237384794822,63.93669936938988,342.3322222146992,0.0,1141.294390287367,848.6264367077104,0.0
580.9063414258914,163.76603109657594,143.19864091707188,99.43013773622451,0.0,0.0,0.0,2604.727772861487
348.05572519718294,154.31236662384555,54.87702023226757,140.1660756449019,0.0,0.0,0.0,0.0
559.7137139313662,129.44479985448578,66.1920019075257,0.0,0.0,0.0,0.0,2462.3686134818854
712.1428225784734,389.37015824395445,92.21384614684962,813.9524830329319,0.0,0.0,0.0,0.0
