2.336901667735897718e+03,4.073000000000000000e+03,2.659700000000000000e+04,1.998774553566733084e+04,3.128184607722026412e+05
3.478351799308990849e+03,5.676000000000000000e+03,2.659700000000000000e+04,2.918141994956900453e+04,3.128184607722026412e+05
3.817618544858932182e+03,6.163000000000000000e+03,2.659700000000000000e+04,3.282799402578869194e+04,3.128184607722026412e+05
4.479144067814509981e+03,7.112000000000000000e+03,2.659700000000000000e+04,3.838392170328241627e+04,3.128184607722026412e+05
4.888708585370784022e+03,7.695000000000000000e+03,2.659700000000000000e+04,4.250275845942887099e+04,3.128184607722026412e+05
4.949057195594436052e+03,7.891000000000000000e+03,2.659700000000000000e+04,4.443241494226986106e+04,3.130735771966177854e+05
5.611928978102703695e+03,8.899000000000000000e+03,2.851800000000000000e+04,4.985681525656900340e+04,3.135168752174190013e+05
6.210333526457793596e+03,9.703000000000000000e+03,3.004500000000000000e+04,5.383441457572799845e+04,3.138171245159403188e+05
6.196765487854115236e+03,1.004200000000000000e+04,3.184900000000000000e+04,5.582762790521336137e+04,3.140001791071093176e+05
6.734157358650953029e+03,1.077300000000000000e+04,3.343300000000000000e+04,5.923409833855442412e+04,3.141000942405014648e+05
7.040299289654434688e+03,1.151500000000000000e+04,3.488400000000000000e+04,6.318433290429719636e+04,3.140096835751180188e+05
6.954454952604727623e+03,1.157000000000000000e+04,3.650300000000000000e+04,6.277650980499597063e+04,3.137425552765353932e+05
7.203205753098325658e+03,1.161400000000000000e+04,3.678800000000000000e+04,6.261761768838512944e+04,3.136022736313692294e+05
7.351633773674510849e+03,1.172700000000000000e+04,3.720800000000000000e+04,6.302985445759224967e+04,3.136112676103817648e+05
7.464488966495827299e+03,1.201800000000000000e+04,3.770300000000000000e+04,6.498334475792490412e+04,3.136875953899113811e+05
7.405800176420241769e+03,1.207700000000000000e+04,3.816700000000000000e+04,6.607881762855871057e+04,3.136197515562542249e+05
8.080114362575488485e+03,1.267000000000000000e+04,3.810100000000000000e+04,6.939436646183911944e+04,3.133495673868746962e+05
8.084368767736888913e+03,1.277100000000000000e+04,3.833500000000000000e+04,7.037155297899596917e+04,3.130731171244682628e+05
8.304595276942060082e+03,1.295800000000000000e+04,3.752000000000000000e+04,7.169477121677211835e+04,3.127379667736808769e+05
8.447862817441362495e+03,1.311400000000000000e+04,3.744500000000000000e+04,7.269402608345827321e+04,3.122229606313141994e+05
8.107099658307049140e+03,1.301700000000000000e+04,3.701600000000000000e+04,7.266136492615491443e+04,3.116330559887634008e+05
8.019900466769497143e+03,1.317000000000000000e+04,3.713200000000000000e+04,7.352732696168420080e+04,3.111630293570357026e+05
8.157319682578256106e+03,1.294200000000000000e+04,3.710200000000000000e+04,7.207346409469466016e+04,3.108262664876758354e+05
7.972702871483093077e+03,1.291400000000000000e+04,3.714900000000000000e+04,7.193840579557535239e+04,3.105263935826536035e+05
8.107275737513652530e+03,1.292400000000000000e+04,3.714900000000000000e+04,7.195870867714229098e+04,3.102789737771084183e+05
8.188940480284770274e+03,1.296300000000000000e+04,3.737600000000000000e+04,7.197989429269041284e+04,3.101793251875575515e+05
8.256210925712519384e+03,1.304400000000000000e+04,3.746000000000000000e+04,7.224559722102296655e+04,3.099837154229282169e+05
8.186110490819554798e+03,1.307800000000000000e+04,3.752100000000000000e+04,7.236564904246239166e+04,3.096124965554808732e+05
8.471470300001486976e+03,1.322800000000000000e+04,3.759300000000000000e+04,7.290499950495822122e+04,3.091213458110025385e+05
8.095322687858219979e+03,1.308800000000000000e+04,3.767200000000000000e+04,7.254925771054613870e+04,3.089618757849385147e+05
8.116651265844367117e+03,1.319800000000000000e+04,3.767200000000000000e+04,7.331635354018415092e+04,3.088816597112662275e+05
8.151223612306053838e+03,1.297300000000000000e+04,3.767600000000000000e+04,7.149703880498968647e+04,3.088860573001038283e+05
7.687917817150010706e+03,1.287900000000000000e+04,3.767600000000000000e+04,7.086411854048971145e+04,3.090994003927307785e+05
8.096603977389628199e+03,1.296300000000000000e+04,3.780400000000000000e+04,7.133902942236000672e+04,3.089275690568517894e+05
8.394984001654556778e+03,1.353100000000000000e+04,3.780500000000000000e+04,7.375860326475132024e+04,3.085869306655229302e+05
8.379979235738202988e+03,1.322200000000000000e+04,3.777400000000000000e+04,7.270903256113819953e+04,3.082583977575579192e+05
8.351870284007225564e+03,1.344900000000000000e+04,3.772400000000000000e+04,7.405696735038717452e+04,3.079682192372226273e+05
8.397101964280425818e+03,1.358700000000000000e+04,3.775000000000000000e+04,7.504916034522396512e+04,3.077663167496199021e+05
8.174540794171220114e+03,1.319300000000000000e+04,3.775000000000000000e+04,7.271079802910050785e+04,3.076612422777852626e+05
8.404145475502515183e+03,1.353200000000000000e+04,3.784700000000000000e+04,7.429795372724696063e+04,3.074856178981747362e+05
8.353680557318572028e+03,1.337300000000000000e+04,3.805600000000000000e+04,7.338608952469675569e+04,3.073515528529863805e+05
8.236408084609844082e+03,1.337400000000000000e+04,3.814500000000000000e+04,7.377978888029925292e+04,3.072937922702385695e+05
8.743243242999815266e+03,1.376900000000000000e+04,3.814500000000000000e+04,7.544374243480766017e+04,3.069852210982917459e+05
8.803992403703896343e+03,1.392300000000000000e+04,3.816100000000000000e+04,7.670870022982642695e+04,3.066714540113420808e+05
8.882460668816651378e+03,1.397300000000000000e+04,3.816100000000000000e+04,7.735574423802514502e+04,3.065483414811871480e+05
8.991786231999667507e+03,1.417200000000000000e+04,3.814500000000000000e+04,7.828349765223657596e+04,3.065509050515283598e+05
9.113098314936371025e+03,1.452600000000000000e+04,3.808500000000000000e+04,8.041176928084123938e+04,3.064092232857287163e+05
9.223947030233483019e+03,1.455600000000000000e+04,3.808500000000000000e+04,8.080370316848132643e+04,3.062595400920702959e+05
8.860779957872289742e+03,1.434500000000000000e+04,3.808500000000000000e+04,7.965879719490179559e+04,3.062413229611245333e+05
9.038011390678915632e+03,1.434200000000000000e+04,3.805900000000000000e+04,7.847858186207547260e+04,3.060168970209653489e+05
8.865183427117117390e+03,1.409000000000000000e+04,3.801000000000000000e+04,7.742812842448131414e+04,3.058842982774067204e+05
8.801029792158275086e+03,1.408000000000000000e+04,3.804100000000000000e+04,7.721980320492485771e+04,3.059078942959564156e+05
8.722802380660346898e+03,1.407700000000000000e+04,3.804100000000000000e+04,7.661248222587886266e+04,3.057988478622454568e+05
8.812496709376775470e+03,1.409400000000000000e+04,3.800200000000000000e+04,7.717654923984747438e+04,3.055908297758044791e+05
8.802323917255713241e+03,1.410200000000000000e+04,3.800200000000000000e+04,7.754553204397711670e+04,3.054241243179578451e+05
8.813895894467646940e+03,1.421600000000000000e+04,3.800000000000000000e+04,7.814049474728677887e+04,3.053979492125550169e+05
8.940523557730526591e+03,1.441400000000000000e+04,3.799600000000000000e+04,7.945312017728884530e+04,3.055013280390418367e+05
9.019563033206912223e+03,1.433400000000000000e+04,3.798600000000000000e+04,7.871515456902942969e+04,3.056864606643449515e+05
8.874303075223573614e+03,1.393800000000000000e+04,3.797400000000000000e+04,7.699117510380141903e+04,3.057106288845579838e+05
9.376505464631738505e+03,1.482600000000000000e+04,3.797400000000000000e+04,8.113914208132657222e+04,3.056559546289062127e+05
9.236680920808192241e+03,1.505300000000000000e+04,3.797400000000000000e+04,8.306968129814865824e+04,3.056325718007682008e+05
9.243183178137102004e+03,1.486800000000000000e+04,3.797400000000000000e+04,8.190094150707758672e+04,3.054062226043012924e+05
9.561978505148783370e+03,1.506200000000000000e+04,3.797400000000000000e+04,8.269893302605662029e+04,3.052251664230884635e+05
9.653483243418875645e+03,1.531400000000000000e+04,3.797400000000000000e+04,8.425077936495620816e+04,3.050380247265762882e+05
9.675735956418655405e+03,1.545300000000000000e+04,3.800700000000000000e+04,8.460916936131189868e+04,3.047741202221273561e+05
9.393231556519223886e+03,1.493900000000000000e+04,3.798900000000000000e+04,8.197509116149599140e+04,3.047116355365692289e+05
9.261318513255306243e+03,1.533500000000000000e+04,3.786900000000000000e+04,8.396830449098139070e+04,3.049115659550431883e+05
9.221215093476261245e+03,1.495100000000000000e+04,3.786900000000000000e+04,8.154431697868436459e+04,3.050744285293306457e+05
9.253844510551494750e+03,1.480100000000000000e+04,3.786900000000000000e+04,8.050092541293958493e+04,3.049589252726746490e+05
9.639624323204832763e+03,1.520500000000000000e+04,3.786900000000000000e+04,8.271217403577425284e+04,3.047225489715473959e+05
9.272598197660332517e+03,1.507900000000000000e+04,3.786900000000000000e+04,8.244029196957348904e+04,3.044981836195143405e+05
9.429821355819633027e+03,1.540000000000000000e+04,3.785000000000000000e+04,8.427637865041027544e+04,3.043701527777458541e+05
9.120527495284348333e+03,1.465800000000000000e+04,3.785000000000000000e+04,8.001718719125761709e+04,3.045017184842919232e+05
9.539121979590323463e+03,1.516800000000000000e+04,3.786600000000000000e+04,8.270599489790607186e+04,3.047293824931604322e+05
9.638683524756763290e+03,1.555500000000000000e+04,3.786600000000000000e+04,8.457386000206509198e+04,3.047701156493108720e+05
9.653286992917499447e+03,1.543300000000000000e+04,3.786600000000000000e+04,8.446175278645637445e+04,3.046317060653908993e+05
9.556976213234545867e+03,1.540800000000000000e+04,3.779500000000000000e+04,8.398860737254838750e+04,3.044878228376848274e+05
9.414929570273747231e+03,1.528600000000000000e+04,3.779500000000000000e+04,8.328771659149815969e+04,3.046466692705749883e+05
9.812098193841462489e+03,1.562000000000000000e+04,3.783300000000000000e+04,8.468331901573043433e+04,3.049243872538175783e+05
9.594479753422274371e+03,1.531900000000000000e+04,3.780900000000000000e+04,8.362492097230577201e+04,3.049438894053734257e+05
1.030435707636144616e+04,1.629300000000000000e+04,3.780900000000000000e+04,8.858147227658391057e+04,3.049705621557388222e+05
9.750343313201256024e+03,1.580800000000000000e+04,3.779100000000000000e+04,8.640553301299604937e+04,3.051808597088190145e+05
1.006163994242026274e+04,1.600200000000000000e+04,3.781200000000000000e+04,8.742950443115503003e+04,3.052607619098029681e+05
9.972108777496894618e+03,1.589100000000000000e+04,3.781200000000000000e+04,8.614865742447518278e+04,3.051864378950989922e+05
9.655998058499008039e+03,1.566800000000000000e+04,3.781200000000000000e+04,8.515381622769490059e+04,3.052381365846319241e+05
9.675919090243567553e+03,1.585700000000000000e+04,3.778500000000000000e+04,8.584323146698983328e+04,3.054120497660819092e+05
9.861007522062294811e+03,1.595000000000000000e+04,3.779700000000000000e+04,8.667918054715925246e+04,3.055084897956221248e+05
9.969574174956836941e+03,1.585700000000000000e+04,3.779700000000000000e+04,8.660856182866555173e+04,3.057168137754692580e+05
1.001576581244714907e+04,1.610300000000000000e+04,3.779700000000000000e+04,8.826192257539981802e+04,3.060136477747351746e+05
9.976719603733008626e+03,1.609200000000000000e+04,3.777400000000000000e+04,8.795914481985796010e+04,3.062444295860221027e+05
1.012610628614033158e+04,1.636700000000000000e+04,3.777400000000000000e+04,8.875890180679940386e+04,3.063912197965491796e+05
9.942187027723970459e+03,1.638000000000000000e+04,3.782300000000000000e+04,8.919673786146052589e+04,3.065760562205283204e+05
1.017633340126937946e+04,1.634400000000000000e+04,3.785000000000000000e+04,8.928324579161539441e+04,3.068793055110354326e+05
1.034555966705742321e+04,1.658300000000000000e+04,3.785000000000000000e+04,9.023924669322404952e+04,3.071941342318854295e+05
1.018469909928874404e+04,1.650000000000000000e+04,3.785000000000000000e+04,8.956042426170314138e+04,3.076354325213140110e+05
1.020669378277762007e+04,1.636400000000000000e+04,3.785000000000000000e+04,8.921086160515915253e+04,3.079403177597883623e+05
1.022920486803652420e+04,1.646400000000000000e+04,3.786900000000000000e+04,8.957278253743950336e+04,3.080943215810715919e+05
1.050690634371238230e+04,1.671200000000000000e+04,3.790200000000000000e+04,9.066560720612993464e+04,3.081928210228736862e+05
1.039624434637818558e+04,1.673200000000000000e+04,3.790200000000000000e+04,9.071592304305666767e+04,3.081611044333045720e+05
1.038412241998125683e+04,1.661100000000000000e+04,3.791200000000000000e+04,9.008300277855666354e+04,3.082070596338384785e+05
1.019384096379625407e+04,1.630500000000000000e+04,3.790800000000000000e+04,8.856116939501691377e+04,3.084737977166013443e+05
1.012673055059088438e+04,1.669000000000000000e+04,3.792800000000000000e+04,9.018981359027847066e+04,3.088328489650057163e+05
1.014187723836027544e+04,1.619500000000000000e+04,3.792800000000000000e+04,8.714349862125543586e+04,3.092383064717781963e+05
1.021036381051646094e+04,1.656100000000000000e+04,3.791300000000000000e+04,8.841640102210485202e+04,3.094890861041624448e+05
1.003224390937010139e+04,1.622400000000000000e+04,3.791300000000000000e+04,8.706228709498766693e+04,3.095335069556236849e+05
9.771491280130567247e+03,1.603600000000000000e+04,3.795200000000000000e+04,8.698284103668219177e+04,3.096628513422526303e+05
1.033562021648548944e+04,1.666300000000000000e+04,3.788000000000000000e+04,8.997619196683495829e+04,3.098554851874222513e+05
9.908226059755546885e+03,1.618400000000000000e+04,3.788000000000000000e+04,8.794237287421572546e+04,3.100728739941162639e+05
1.050939115425074306e+04,1.671500000000000000e+04,3.788000000000000000e+04,9.000973585811955854e+04,3.103160391445069108e+05
1.011908457304727199e+04,1.675000000000000000e+04,3.788100000000000000e+04,9.026925964858396037e+04,3.106773125261730165e+05
1.030389548133462631e+04,1.646300000000000000e+04,3.788100000000000000e+04,8.890455291369263432e+04,3.109561775499050855e+05
1.033579194611237108e+04,1.686600000000000000e+04,3.784100000000000000e+04,9.094013747427436465e+04,3.111706289626975777e+05
1.055672764313219159e+04,1.694900000000000000e+04,3.784100000000000000e+04,9.128793466285588511e+04,3.114221538400981226e+05
1.052875213922760486e+04,1.719600000000000000e+04,3.787200000000000000e+04,9.266764787542700651e+04,3.115104176603454398e+05
1.037413747432246782e+04,1.672900000000000000e+04,3.787200000000000000e+04,9.071150937315082410e+04,3.116422706443257630e+05
1.047796464464958444e+04,1.701800000000000000e+04,3.791400000000000000e+04,9.212741467894995003e+04,3.117561022083598073e+05
1.065416796723205334e+04,1.699300000000000000e+04,3.794500000000000000e+04,9.191202758754410024e+04,3.118843371770505910e+05
1.061449259780954344e+04,1.710800000000000000e+04,3.794500000000000000e+04,9.271619824439146032e+04,3.121192922776349587e+05
1.060539782337881661e+04,1.714400000000000000e+04,3.791600000000000000e+04,9.265264139774702198e+04,3.123978694708191324e+05
1.062134023153400449e+04,1.705600000000000000e+04,3.791600000000000000e+04,9.225276290427630011e+04,3.127856526278865058e+05
1.074683024141168062e+04,1.732200000000000000e+04,3.787200000000000000e+04,9.356185739835373533e+04,3.132311189975626767e+05
1.042210607522512692e+04,1.683800000000000000e+04,3.802000000000000000e+04,9.096485402574720501e+04,3.136737266249058302e+05
1.048187364457175499e+04,1.676100000000000000e+04,3.805300000000000000e+04,9.069032375760278956e+04,3.139645044762158650e+05
1.069450401796387087e+04,1.727000000000000000e+04,3.805300000000000000e+04,9.356803653622198908e+04,3.139747319291761960e+05
1.080016055165139005e+04,1.757400000000000000e+04,3.805300000000000000e+04,9.493009506916963437e+04,3.139761785372424056e+05
1.040208695856390477e+04,1.715800000000000000e+04,3.805300000000000000e+04,9.293158533579729556e+04,3.141694902035158593e+05
1.074110115951551415e+04,1.718900000000000000e+04,3.794100000000000000e+04,9.276121767743119563e+04,3.144189547133023734e+05
1.049582106397679490e+04,1.709300000000000000e+04,3.804200000000000000e+04,9.221921901299184537e+04,3.146088931254480849e+05
1.019825419860647708e+04,1.663000000000000000e+04,3.804200000000000000e+04,9.003356967561104102e+04,3.147698821817013086e+05
1.085870510908998585e+04,1.738200000000000000e+04,3.806100000000000000e+04,9.378165815966544324e+04,3.152302510646206792e+05
1.092200976857796559e+04,1.743700000000000000e+04,3.806100000000000000e+04,9.386640062185803254e+04,3.157645119660229539e+05
1.052407248654758951e+04,1.699400000000000000e+04,3.804100000000000000e+04,9.226512118001289491e+04,3.161413694647728116e+05
1.062775004995826748e+04,1.728800000000000000e+04,3.804100000000000000e+04,9.379136823345847370e+04,3.164879156215895200e+05
1.078732598303061059e+04,1.741000000000000000e+04,3.799200000000000000e+04,9.443752950767605216e+04,3.166317359001032892e+05
1.093553147228540365e+04,1.759700000000000000e+04,3.801300000000000000e+04,9.490979218760278309e+04,3.166489670989369624e+05
1.057497150419670834e+04,1.716000000000000000e+04,3.801300000000000000e+04,9.285831841536014690e+04,3.166419203201663331e+05
1.050085434083704422e+04,1.711800000000000000e+04,3.808300000000000000e+04,9.298984577855472162e+04,3.168965169168841094e+05
1.056337956016962562e+04,1.726800000000000000e+04,3.808400000000000000e+04,9.356715380224089313e+04,3.172730616915468709e+05
1.062902929073769519e+04,1.714200000000000000e+04,3.808400000000000000e+04,9.272061191429742030e+04,3.174993538168707164e+05
1.060687278628292006e+04,1.744100000000000000e+04,3.802200000000000000e+04,9.362717971296052565e+04,3.178161539126082207e+05
1.028528736438205851e+04,1.714700000000000000e+04,3.802200000000000000e+04,9.190231751375137537e+04,3.181145002025559079e+05
1.063646551758464011e+04,1.703800000000000000e+04,3.802700000000000000e+04,9.155893399507559661e+04,3.181573703361227526e+05
1.062762901361177501e+04,1.702900000000000000e+04,3.802700000000000000e+04,9.145741958724093274e+04,3.180365585282754037e+05
1.033567467718178523e+04,1.706300000000000000e+04,3.802700000000000000e+04,9.172223978159236140e+04,3.180857288428907632e+05
1.067922439878016667e+04,1.721000000000000000e+04,3.803500000000000000e+04,9.256701620157356956e+04,3.181207864959688741e+05
1.113489625971176793e+04,1.766400000000000000e+04,3.805100000000000000e+04,9.479327130208810559e+04,3.179770774259601021e+05
1.091883852284028944e+04,1.753800000000000000e+04,3.801300000000000000e+04,9.455493312717188383e+04,3.179712345726210042e+05
1.110359170419673319e+04,1.783700000000000000e+04,3.801300000000000000e+04,9.630627734581618279e+04,3.180581516680656350e+05
1.097373361336328344e+04,1.789300000000000000e+04,3.799400000000000000e+04,9.698245157539357024e+04,3.183131604021528037e+05
1.110155511976021080e+04,1.799200000000000000e+04,3.799400000000000000e+04,9.684209687238723563e+04,3.185165666819062317e+05
1.107341471097894646e+04,1.784600000000000000e+04,3.799400000000000000e+04,9.585166934551273880e+04,3.185734130234271288e+05
1.094601578680754028e+04,1.755700000000000000e+04,3.799600000000000000e+04,9.472883172146261495e+04,3.187430390895080054e+05
1.086337736881929050e+04,1.750000000000000000e+04,3.799600000000000000e+04,9.499276918183294765e+04,3.190746551960130455e+05
1.104963883748861190e+04,1.760700000000000000e+04,3.797100000000000000e+04,9.546238365981611423e+04,3.193683155576396384e+05
1.102343684919068983e+04,1.789200000000000000e+04,3.793600000000000000e+04,9.685357241414255986e+04,3.195011834262539633e+05
1.093695200588871558e+04,1.759800000000000000e+04,3.795400000000000000e+04,9.527083038590199430e+04,3.198437461500033969e+05
1.090774238001573758e+04,1.780400000000000000e+04,3.799200000000000000e+04,9.590286791642078606e+04,3.201429242035378702e+05
1.085684679987894197e+04,1.756000000000000000e+04,3.804700000000000000e+04,9.432012588818024960e+04,3.202176388745768345e+05
1.052081334804875587e+04,1.699600000000000000e+04,3.804700000000000000e+04,9.155275485720737197e+04,3.202861974361367757e+05
1.047316418731524755e+04,1.701600000000000000e+04,3.804700000000000000e+04,9.065589713233715156e+04,3.204003994964300655e+05
1.050776978960933593e+04,1.726700000000000000e+04,3.804700000000000000e+04,9.227041758389990719e+04,3.204820987301988644e+05
1.034344225123608521e+04,1.685100000000000000e+04,3.803000000000000000e+04,9.025337043692292355e+04,3.205397697212423082e+05
1.079953435593154973e+04,1.749700000000000000e+04,3.805200000000000000e+04,9.314079328933503712e+04,3.205936565177591401e+05
1.049816508388786860e+04,1.714000000000000000e+04,3.800200000000000000e+04,9.181051317970943637e+04,3.204753971819287981e+05
1.045643892016542668e+04,1.721700000000000000e+04,3.800200000000000000e+04,9.201001105945422023e+04,3.203177557839415385e+05
1.037211521910084230e+04,1.704000000000000000e+04,3.800200000000000000e+04,9.125968717545831169e+04,3.202736443401834695e+05
1.050878244248493320e+04,1.750200000000000000e+04,3.791300000000000000e+04,9.362276604305459477e+04,3.201857365223948727e+05
1.048382016251480673e+04,1.742200000000000000e+04,3.791300000000000000e+04,9.334293937102323980e+04,3.201278431367554003e+05
1.067155739192203873e+04,1.733200000000000000e+04,3.791300000000000000e+04,9.256966440351698839e+04,3.201477625877876999e+05
1.064558699983992483e+04,1.734700000000000000e+04,3.796700000000000000e+04,9.265705506765302562e+04,3.202167644699412631e+05
1.107726631579534842e+04,1.790800000000000000e+04,3.791900000000000000e+04,9.540941962094590417e+04,3.202069115898733144e+05
1.046033269018720057e+04,1.721100000000000000e+04,3.790300000000000000e+04,9.270030903273039439e+04,3.202105219247334171e+05
1.076610208585598048e+04,1.741000000000000000e+04,3.796500000000000000e+04,9.354596818669277127e+04,3.201590262142434367e+05
1.067510785983373535e+04,1.756200000000000000e+04,3.796500000000000000e+04,9.396968049765503383e+04,3.199112721405794728e+05
1.092116290068104354e+04,1.761700000000000000e+04,3.796500000000000000e+04,9.430158847457556112e+04,3.196207561458163545e+05
1.083499828716476077e+04,1.780600000000000000e+04,3.797300000000000000e+04,9.487713103029940976e+04,3.194227609744363581e+05
1.073134898806825913e+04,1.762900000000000000e+04,3.793800000000000000e+04,9.402264453652530210e+04,3.194103779568437603e+05
1.076722418488932090e+04,1.760200000000000000e+04,3.800200000000000000e+04,9.419389492887258530e+04,3.198382252196436166e+05
1.078143272725541101e+04,1.766400000000000000e+04,3.800200000000000000e+04,9.468910869230977551e+04,3.200922007012971444e+05
1.066658198809254100e+04,1.735900000000000000e+04,3.800200000000000000e+04,9.215742763430980267e+04,3.199783430176628754e+05
1.078285114175248964e+04,1.730200000000000000e+04,3.800200000000000000e+04,9.157129227081192948e+04,3.199876908478187397e+05
1.049385876045071200e+04,1.737800000000000000e+04,3.791400000000000000e+04,9.253347231028894021e+04,3.200727373025236302e+05
1.040051610696153875e+04,1.687900000000000000e+04,3.791400000000000000e+04,9.041049708557130361e+04,3.201108670924649923e+05
1.046150758548092927e+04,1.692700000000000000e+04,3.795300000000000000e+04,9.046257839046037407e+04,3.201160915505003650e+05
1.052033955243429409e+04,1.705900000000000000e+04,3.795300000000000000e+04,9.131618215025328391e+04,3.203503907420018222e+05
1.078712706656134287e+04,1.753600000000000000e+04,3.794900000000000000e+04,9.377547902179717494e+04,3.208118181444379152e+05
1.101851731676808049e+04,1.789300000000000000e+04,3.793700000000000000e+04,9.551887863461098459e+04,3.212555093798781163e+05
1.101037187125558376e+04,1.771400000000000000e+04,3.796800000000000000e+04,9.491773679343324329e+04,3.216088329612197704e+05
1.078263079469772856e+04,1.766400000000000000e+04,3.796800000000000000e+04,9.459112522039978649e+04,3.219792677203593194e+05
1.079527296659344574e+04,1.746900000000000000e+04,3.796800000000000000e+04,9.338089693221356720e+04,3.222560253202091553e+05
1.070269297188785458e+04,1.743200000000000000e+04,3.800000000000000000e+04,9.299161124651686987e+04,3.225005101352679776e+05
1.072858504791175801e+04,1.740200000000000000e+04,3.809400000000000000e+04,9.242577876458593528e+04,3.228486478447281988e+05
1.097674591080747814e+04,1.768200000000000000e+04,3.809400000000000000e+04,9.400763805884543399e+04,3.233128941857690224e+05
1.103720920199221473e+04,1.783900000000000000e+04,3.806200000000000000e+04,9.492391593130155525e+04,3.234634002946292167e+05
1.090512899213109631e+04,1.747300000000000000e+04,3.806200000000000000e+04,9.363424158480983169e+04,3.233614901644106139e+05
1.096232781443164276e+04,1.788200000000000000e+04,3.806200000000000000e+04,9.524699656841022079e+04,3.233428821125204558e+05
1.102812204404704244e+04,1.776500000000000000e+04,3.812400000000000000e+04,9.454434031939772831e+04,3.234158616065371898e+05
1.109921743817579591e+04,1.824100000000000000e+04,3.806300000000000000e+04,9.743352863977228117e+04,3.237238883297680295e+05
1.086512646662179941e+04,1.775100000000000000e+04,3.806300000000000000e+04,9.540941962094591872e+04,3.242045345472001354e+05
1.102408011191782498e+04,1.799900000000000000e+04,3.803800000000000000e+04,9.680060837527211697e+04,3.245275911198138492e+05
1.156672820444963691e+04,1.860000000000000000e+04,3.803800000000000000e+04,9.963683265677634336e+04,3.246243230983620742e+05
1.133843700839819940e+04,1.857000000000000000e+04,3.804800000000000000e+04,9.914250162732030731e+04,3.247176888032292482e+05
1.111720717514325770e+04,1.801600000000000000e+04,3.804800000000000000e+04,9.668320475577640173e+04,3.248409911698721116e+05
1.162135989048674492e+04,1.869100000000000000e+04,3.804800000000000000e+04,1.002035478726885631e+05,3.249213121299755294e+05
1.105943401257788173e+04,1.790000000000000000e+04,3.809000000000000000e+04,9.644839751678484026e+04,3.251451895206579939e+05
1.135478376935957567e+04,1.821900000000000000e+04,3.811100000000000000e+04,9.777426395650459745e+04,3.253110671902858303e+05
1.107404104402286794e+04,1.826600000000000000e+04,3.810100000000000000e+04,9.815825323831418063e+04,3.255427604547144147e+05
1.108083978880645918e+04,1.816400000000000000e+04,3.810100000000000000e+04,9.689859184718230972e+04,3.258862900522737182e+05
1.121794945655595438e+04,1.825400000000000000e+04,3.806600000000000000e+04,9.722696888817806030e+04,3.261356797112719505e+05
1.123245338465557325e+04,1.806800000000000000e+04,3.803200000000000000e+04,9.614650249522406375e+04,3.263223409017884987e+05
1.140000802585766360e+04,1.836600000000000000e+04,3.803200000000000000e+04,9.781751792158180615e+04,3.262493258400213090e+05
1.107028833254708479e+04,1.813700000000000000e+04,3.801500000000000000e+04,9.659051768775338132e+04,3.260214560851808637e+05
1.066162026412095474e+04,1.745300000000000000e+04,3.801500000000000000e+04,9.348329407402958896e+04,3.259467576985139167e+05
1.066597110083479492e+04,1.753000000000000000e+04,3.801500000000000000e+04,9.353007897503179265e+04,3.260837879818884539e+05
1.066724638052078990e+04,1.735600000000000000e+04,3.801500000000000000e+04,9.266323420552129392e+04,3.261549101812496665e+05
1.076192697901762949e+04,1.732000000000000000e+04,3.801500000000000000e+04,9.290510331636226329e+04,3.261758536320385756e+05
1.049981962646133434e+04,1.730000000000000000e+04,3.801300000000000000e+04,9.257760900934760866e+04,3.262588901610396570e+05
1.057363726868670346e+04,1.748400000000000000e+04,3.808400000000000000e+04,9.266146873755881097e+04,3.263549036896986654e+05
1.074629446756860489e+04,1.750100000000000000e+04,3.810600000000000000e+04,9.280005797260273539e+04,3.264280875602037995e+05
1.081307346964757198e+04,1.760500000000000000e+04,3.810600000000000000e+04,9.391671645878476556e+04,3.265640688762316713e+05
1.136986561927427465e+04,1.849800000000000000e+04,3.810600000000000000e+04,9.812735754897301376e+04,3.266513908340441412e+05
1.069747793699792965e+04,1.756300000000000000e+04,3.808900000000000000e+04,9.357686387603377807e+04,3.266811439492382924e+05
1.060808349691738840e+04,1.744800000000000000e+04,3.808500000000000000e+04,9.218655785568847205e+04,3.268613361276615178e+05
1.045676692625556097e+04,1.720500000000000000e+04,3.806700000000000000e+04,9.130382387451702380e+04,3.271138942057712120e+05
1.077285818209962235e+04,1.760200000000000000e+04,3.806700000000000000e+04,9.354773365465506504e+04,3.271156635227790684e+05
1.059730021052086340e+04,1.753000000000000000e+04,3.806800000000000000e+04,9.338266240017596283e+04,3.269163687958673108e+05
1.048628838374286534e+04,1.713300000000000000e+04,3.803400000000000000e+04,9.139562820855878817e+04,3.268852090083762887e+05
1.095987653235338803e+04,1.795900000000000000e+04,3.803400000000000000e+04,9.543943257630562584e+04,3.268698996704650344e+05
1.091852605606537509e+04,1.780300000000000000e+04,3.803400000000000000e+04,9.479680223801272223e+04,3.267645891518509598e+05
1.088978972357758539e+04,1.787300000000000000e+04,3.794100000000000000e+04,9.525052750433492474e+04,3.270304158870709944e+05
1.066019795518132014e+04,1.789600000000000000e+04,3.794100000000000000e+04,9.491950226139563893e+04,3.272857133625365677e+05
1.072656893226977627e+04,1.738700000000000000e+04,3.794400000000000000e+04,9.230484420916563249e+04,3.273217125361819635e+05
1.068234649921700475e+04,1.747700000000000000e+04,3.789500000000000000e+04,9.264469679191663454e+04,3.274683683272053604e+05
1.083771882521011685e+04,1.781900000000000000e+04,3.789700000000000000e+04,9.437838633093744284e+04,3.275872739850085345e+05
1.100397325509434268e+04,1.808100000000000000e+04,3.789700000000000000e+04,9.630627734581611003e+04,3.274798424617222627e+05
1.109896269193855369e+04,1.809300000000000000e+04,3.787500000000000000e+04,9.665495726837885741e+04,3.272714615531170857e+05
1.131467543010993722e+04,1.819000000000000000e+04,3.785400000000000000e+04,9.750238189030360081e+04,3.271651113850559923e+05
1.155429441947702799e+04,1.842900000000000000e+04,3.785400000000000000e+04,9.896860303302951797e+04,3.272743696693011443e+05
1.125881039426085772e+04,1.826400000000000000e+04,3.785400000000000000e+04,9.814236402665298374e+04,3.275953696587986196e+05
1.134845072789093138e+04,1.841700000000000000e+04,3.786400000000000000e+04,9.839129500934330281e+04,3.277034703430628870e+05
1.140013261788084674e+04,1.863400000000000000e+04,3.786400000000000000e+04,9.925372610894792888e+04,3.277256177065048250e+05
1.139167673870843100e+04,1.840400000000000000e+04,3.795900000000000000e+04,9.840983242294793308e+04,3.278764683981427806e+05
1.133974066180519731e+04,1.847700000000000000e+04,3.795900000000000000e+04,9.846809286570531549e+04,3.280764114693654701e+05
1.113932637834395791e+04,1.834600000000000000e+04,3.799400000000000000e+04,9.715193649977847235e+04,3.283516883335412131e+05
1.097835367536852937e+04,1.783800000000000000e+04,3.799000000000000000e+04,9.457258780679533083e+04,3.286534558652439737e+05
1.143885216182303702e+04,1.831100000000000000e+04,3.799000000000000000e+04,9.703365014630157384e+04,3.290622258383988519e+05
1.125171388341206512e+04,1.819400000000000000e+04,3.797700000000000000e+04,9.669291482956922846e+04,3.293315795836546458e+05
1.121949021648388771e+04,1.852400000000000000e+04,3.797600000000000000e+04,9.868524542507344449e+04,3.293529311399269500e+05
1.109045936543655625e+04,1.842600000000000000e+04,3.793300000000000000e+04,9.807086257417801244e+04,3.295242043886905303e+05
1.132723608207761208e+04,1.829100000000000000e+04,3.795300000000000000e+04,9.741675669412987190e+04,3.297808921801716206e+05
1.154304811393128330e+04,1.844000000000000000e+04,3.795300000000000000e+04,9.855283532789764286e+04,3.299691373375421390e+05
1.137918110786745092e+04,1.838500000000000000e+04,3.791300000000000000e+04,9.849545761912153102e+04,3.301136322969769826e+05
1.142372749986208873e+04,1.854000000000000000e+04,3.791300000000000000e+04,9.891740446212151437e+04,3.303631790684474399e+05
1.129558084319211048e+04,1.828800000000000000e+04,3.796100000000000000e+04,9.776455388271147967e+04,3.306068855296911788e+05
1.155786796098679770e+04,1.881700000000000000e+04,3.796100000000000000e+04,1.003015313445984939e+05,3.307905979259881424e+05
1.102978530960998251e+04,1.814900000000000000e+04,3.796100000000000000e+04,9.691536379282445705e+04,3.309124405099459109e+05
1.107891381360890227e+04,1.798700000000000000e+04,3.792100000000000000e+04,9.583401466588937910e+04,3.311962418483927031e+05
1.123072722726568099e+04,1.832700000000000000e+04,3.792700000000000000e+04,9.757035240685372264e+04,3.315939073888450512e+05
1.104750897184754831e+04,1.784900000000000000e+04,3.792700000000000000e+04,9.484711807493958622e+04,3.316787029971434386e+05
1.122391613904311271e+04,1.818400000000000000e+04,3.790000000000000000e+04,9.718018398717598757e+04,3.316570945816681487e+05
1.120894773323203481e+04,1.801900000000000000e+04,3.790300000000000000e+04,9.650665795954207715e+04,3.317416333339164266e+05
1.135842856546792427e+04,1.832200000000000000e+04,3.790700000000000000e+04,9.777602942446664383e+04,3.319964677048155572e+05
1.162554398888590003e+04,1.884500000000000000e+04,3.789400000000000000e+04,1.007367191973160661e+05,3.322658546556442161e+05
1.139846370843797740e+04,1.862500000000000000e+04,3.789400000000000000e+04,9.901097426412577624e+04,3.324530230024445336e+05
