pref 10 rep  0   successful refill  successful local refill     needs after refill   AV       seconds
                 [total]            [total]

pref 10 rep 10
month 1          53.1 [66.0]         17.7 [21.0]                     0.0              28244
month 2          54.6 [65.2]         18.2 [21.0]                     0.0              28244   446

month 1
Imports [(1, 496.55), (2, 49.52), (3, 14.26), (4, 563.4), (5, 330.62), (6, 76.63), (7, 90.23), (8, 106.3), (9, 18.59), (10, 149.95), (11, 470.28), (12, 60.9), (13, 213.89), (14, 118.13), (15, 518.2), (16, 410.82), (17, 85.75), (18, 162.33), (19, 239.93), (20, 332.43), (21, 47.33), (22, 50.21), (23, 182.68), (24, 626.65), (25, 11.58), (26, 219.9), (27, 644.23), (28, 151.95), (29, 1103.24), (30, 231.5), (31, 582.5), (32, 35.24), (33, 23.72), (34, 574.9), (35, 94.64), (36, 184.59), (37, 50.35), (38, 63.32), (39, 97.05), (40, 431.74), (41, 392.48), (42, 78.22), (43, 355.66), (44, 0.0), (45, 416.39), (46, 803.6), (47, 253.79), (48, 29.92), (49, 172.4), (50, 125.24), (51, 190.91), (52, 98.82), (53, 14.7), (54, 304.36), (55, 12.02), (56, 23.72), (57, 68.53), (58, 5.08), (59, 24.88), (60, 39.64), (61, 5.61), (62, 17.47), (63, 18.28), (64, 1.04)]

Total imports 13368.78

---

pref 10 rep 20
month 1

