1705.2655261276775,186.75359103536687,460.981424747665,301.41283582285365,285.2663896031179,193.26684059137366,142.31651360497005,213.28122818406734
1803.9296559597651,245.9531159055296,553.4011004810036,369.6194148121748,421.5824124450995,381.8289029460118,202.45330540555943,340.8348816425395
1780.2187212254498,258.11135848221545,616.6930789601848,488.4085210148049,429.5050343956373,417.94333209181985,338.2436688203971,598.6459925930133
1853.0259330436209,270.73179799831433,530.4389927580319,502.93491869115417,553.8900990654879,509.2811859683795,433.0310042982113,699.6503269754793
1826.3974243527061,276.48916336913413,533.6061355086572,521.2242681785367,616.2973182544915,593.355020438373,535.2051108922748,799.0740143784238
1787.951551279547,282.00075767658285,579.8523066042696,482.0385044973683,587.1251145356613,635.4485816018528,640.2317452471708,1012.2197298828028
1903.4272908050302,321.24989458304873,504.23301538008303,496.43002257251453,513.4927120625847,634.9487874210141,771.92746835239,1073.678816660601
2050.977836912169,342.73669573182224,574.9774014449324,555.8995548478706,550.4536903445808,543.2583161035758,892.4103310281287,1263.5102645295703
2150.1475853829215,382.7166397244083,674.7665367499643,659.8050044744525,558.7181994945489,647.8265751803362,928.8018412094603,1425.5808126563359
2277.4071710061944,423.7775139764918,722.9237662034157,639.0373592945173,553.8370918528199,677.0433530397888,965.270391827047,1409.911250080166
2395.2612333838806,464.6336461160366,712.6689893395201,738.0642603215935,507.37992923363703,641.2271207163083,1036.6637600398967,1624.4384528181095
2474.9222728388304,518.2236611131326,603.7181350744747,737.7674456295807,485.7487220171249,606.1976614099851,1027.0064692603623,1809.3781995262657
2479.307956158712,545.6751452596689,749.1326567400362,828.7819416535852,503.12312264431785,553.7569123435586,1079.4572126689059,2000.727789126082
2491.220762941363,568.8069405514922,733.239261379768,781.6218334744399,448.8033912117463,676.8348528361868,1070.4528244125922,2141.8120438730475
2456.063226404749,565.2210956762248,737.688525893576,858.242263863952,602.5522495006041,691.1123395601878,1093.5173966352477,2040.5493086331383
2457.568371355248,593.7631624682256,740.878007282245,882.4166838223698,544.9759642799077,666.9969069544181,1120.334156881824,2078.1033195939654
2489.3533778740098,612.971613165227,702.8781035528136,896.4744304555509,570.0326739851043,637.9257232815955,1047.2891061485134,2233.39706477174
2455.4116458782482,615.2806518139191,647.5222486921768,1006.8971041509485,568.359393112568,844.7461146459276,1016.0626830064703,2145.1770084690816
2480.103450750609,648.3087230902016,781.802501069382,891.3259444868178,577.5901542757933,755.9710554016189,981.5656603468573,2314.5720547692267
2387.507875937513,646.5515077588983,693.2696369551535,921.2080474867782,535.9268900918265,856.0164759050589,944.492282246185,2482.562220402191
2419.355681408276,665.3885234169015,647.342468925065,1023.3273329980669,494.4438160595021,894.7603473489843,917.8431209957727,2606.609200156643
2326.92171131279,668.5942224773084,703.9076229445458,1036.8423585372343,497.1198057433895,772.4929843603613,911.1353710172772,2659.9767255666966
2393.834658368881,720.779078715912,685.8562769967346,1121.8410247083991,497.8746722354466,943.6510146338472,951.1205340857236,2727.5075000400893
2371.2170433642236,746.0847413417774,700.5750080363212,1118.2955397954584,531.1029490105295,916.4655466936964,980.1411718081947,2800.7404742358585
2371.6656869687563,728.853503899675,682.5735062611527,1119.9337457549962,542.5223443090332,966.6995675041592,900.119755743644,2677.8705019381114
2289.879457162236,770.526121829949,637.5148853687054,1111.65129351344,488.8977883133485,973.0160879049129,901.7924609668378,2888.1906515210453
2328.2307525504907,814.698498551513,637.0599579617426,1201.864161628175,491.5895096472284,995.0945139448636,909.3405593550085,2622.75435906432
2302.864239766016,817.5622407109838,630.2092906844917,1279.2316790477125,554.4756873014844,1004.023705510793,911.6296448163619,2704.6372112078043
2326.417912301096,824.0537327880497,694.4766137036411,1254.9056144182127,551.2627671964018,1118.9845240786644,913.4592661260858,2590.65877733702
2294.9608762886087,851.3919683353932,717.8332250104489,1283.4843270568158,587.6246121182304,1091.7674109638513,968.8264334027486,2702.475497364787
2294.2498898435574,878.3380170935296,723.7992578589331,1322.2088325455063,534.1181398633828,1205.485776987619,1032.8938240272628,2672.8943160441354
2356.2163743953993,886.8009199326914,694.61834019571,1330.2264099343572,519.1439023243405,1193.1496335590675,1202.7112725906636,2621.538454088929
2328.8508526358332,913.9940884122747,546.9266320945003,1313.3117609366182,514.2337549618187,1136.1105357927563,1212.514925076117,2525.094884212215
2337.959150780858,966.909898135263,660.7001418541837,1389.895655095426,488.0849584801526,1092.956839243577,1164.1786977361996,2294.21521313617
2278.5857192097205,978.5849496595392,708.3317303536695,1468.2841940754192,510.24840589285105,1330.5653631160296,1154.6227980704705,2372.7903165483017
2271.528318643027,973.48812682778,784.671406603215,1459.408227241571,600.7490565471205,1209.7730235364327,1135.8196078830406,2303.2398187686044
2249.610368728366,1016.8334312647708,626.1081316491914,1498.791509501169,508.1098504918066,1190.7515382645902,1069.8029666461598,2523.155339557795
2311.996594832283,1042.944963200469,602.6001062341736,1571.73449091468,577.2088965178914,1286.2121634040502,1065.0859124215663,2378.2407474722954
2244.8043253767355,1070.2629240650535,666.7883215931553,1643.8692661261066,602.5951133179753,1204.663920509408,1125.9433869841614,2434.0901932234838
2307.7129091363563,1057.6739968665393,575.3189011439204,1713.8449039671166,624.4145681932664,1419.0213227939541,1152.3014449149175,2367.198552447889
2210.1196106709217,1093.54811836063,746.6120864664153,1676.0546488370776,552.4134139898022,1397.426958339085,1076.5760614472856,2439.735615897979
2270.69619827914,1112.1118983236465,666.6575852400435,1697.7542989926526,520.7253642954643,1367.4088961922303,1063.5415723657554,2418.872101912089
2242.696859902835,1134.676060256754,555.5638588889433,1761.2070622875374,547.8668740835958,1426.514336558001,987.5695471532197,2524.485639354895
2157.7366937636034,1152.6435499108097,659.2824692652642,1776.0031104552359,559.9231097295952,1420.7173449972147,927.6571749127062,2634.9509445153235
2218.2531022186654,1173.5813308265517,636.4995134962992,1802.226142888628,587.5071707614209,1560.762792714841,981.0124423735745,2627.8561580757323
2254.889742143505,1178.772385384281,574.792810223313,1846.011423770189,636.8888236293735,1617.262902532133,1054.6179710244826,2795.951864781278
2174.0350940108815,1234.1737243233476,576.258450393918,1958.3351790836823,585.582722044493,1542.1596022432284,1095.8270097674485,2841.3612751325327
2196.7966421034794,1265.9666780652194,773.0522453383579,1743.3918745924661,630.9673639192162,1556.0820253792572,1117.1316446297508,2908.435086181276
2245.2551737757362,1270.4912626024704,650.2378517240832,1960.310548878734,640.3407151973927,1499.3038259052064,1160.8280797518125,2870.9853383171994
2173.1009009113022,1249.2083997323841,689.81546976425,1942.141358114878,627.2944887971361,1591.9611563405033,1228.8757293642343,2789.1565170517674
2248.5993184291287,1305.7128089698444,667.6244560531591,1989.7156548583312,636.2095146073586,1745.3257348112688,1231.589771482692,2657.2459215017
2198.102653332344,1314.8222138038448,477.37967918356884,1978.9927429693473,654.3781865490646,1762.614635532768,1227.8566457551738,2637.422196249171
2212.9613263190777,1346.2466266441152,697.8911860688062,2100.283705632545,664.5030613164879,1745.896419727409,1100.076665279657,2721.93639476252
2225.773018151725,1384.5784222696684,733.4040609685834,2171.411268609529,605.5286988478945,1830.1453233509178,1053.9701422578937,2637.8556561208848
2228.346230458143,1382.6725433892805,784.1098171165396,2081.2854774915522,523.7109119221992,1827.830122760798,966.0708385521666,2462.750399009331
2291.8764874784783,1389.8643649476371,694.2058374889779,2129.448854634782,470.09133764502064,1854.8865187399915,900.5760112889791,2544.488575588576
2281.2621878132027,1418.080983414423,576.4769735660009,2153.683107054967,592.9867255388475,1719.2442522274612,858.8376770846471,2482.246210270169
2237.3128538123756,1427.7309382327767,631.7067818217637,2083.513366097346,669.3459134214293,1883.8054992612417,962.2886755300875,2510.619977519951
2252.6173632725445,1471.6976353515813,553.4920309466007,2161.502037217456,648.5977883406243,1896.651850758292,947.3184683108067,2529.359934413954
2285.4530162731903,1502.2218333545168,595.1475952240588,2258.4364033048587,699.257708331894,1948.9525880655628,983.4972571592234,2550.8076932856
2369.875181533897,1511.6408910041687,698.7531613852179,2327.381990819561,628.1158173501831,2027.4581293689894,985.0357381918705,2703.4026857403474
2321.4004394818508,1539.848570166667,634.0072888712507,2273.0657159926236,703.8462916344947,1902.3359281144262,962.621578410092,2596.9875019825877
2307.7998178994508,1559.0188841830413,629.0424573050955,2275.3420671250683,691.2652677393899,1997.7917245097947,1041.5578402851907,2591.124540537252
2420.164642399444,1553.9884353750988,700.3777188880831,2337.058023180033,750.2939836965932,2092.1405186050433,1078.9743331491936,2624.384954187561
2312.775297765692,1562.846453341006,673.3093306048781,2403.6906668816646,667.8928264018707,2006.2950974570592,992.4735043576895,2546.263753500452
2400.0024189578326,1615.5671525441433,635.4034460678639,2535.114557671183,637.5384675702707,1985.81819404884,1063.997766473761,2545.57674971672
2472.048726777229,1623.062647598844,621.2458744625828,2487.9283920989137,599.8830329570785,1905.354330375909,947.2856059581316,2434.111112323217
2589.64536009406,1659.9225636763283,674.3748550699738,2503.5360088776906,660.7566981186764,1785.0267550506967,1003.0105112973522,2620.8697360152873
2513.181251418198,1697.206088696045,714.7251364606889,2546.762232701823,631.0933699152756,1993.2663075627142,1026.4123280941683,2508.7608798034157
2617.5272333264734,1703.4771462118047,823.1104902550596,2614.1517498066173,694.5841945231513,2105.801891112696,1128.2691926452583,2583.231662865465
2597.979980141854,1720.9462103962371,812.5838082659677,2630.065398078885,670.1226249397763,2138.379042976109,1001.904347239813,2570.347528652606
2598.3377096172426,1772.1681465041386,881.1905244529049,2612.679885810257,704.9533254637447,2213.264204688958,949.6689593390403,2398.2177973581165
2671.7650087597613,1776.338450637853,699.3124637196672,2689.8401893500914,582.3303351990942,2178.53317244892,976.3541711467625,2381.939467138009
2635.772782389396,1769.4282955653564,803.4497950027928,2563.9410392207296,723.5538876634786,2176.5732223861955,993.3007659530629,2476.2866521870615
2708.7730730895746,1796.5072429504637,896.7429308754198,2677.933004552006,609.5146288974237,2020.4764415929076,958.6897095759799,2507.530587172209
2843.1910432308136,1819.401404293137,783.3371822780796,2658.2395944535947,518.6064622745027,1936.4762035749804,947.029390963411,2464.305107957796
2688.048130694824,1792.6444328555938,764.1678911579394,2679.119811517763,674.0430304257591,2140.509292648849,987.6067865737027,2594.0027033883002
2752.161263330273,1838.492156226852,715.310149016201,2667.368692920079,736.7817292118576,2278.157146872136,975.8672482100337,2701.760587009272
2731.834568135178,1816.9126582282015,759.470776318891,2705.891862036824,534.9835292571975,2275.470304171472,1034.2624128539005,2655.6545253331738
2755.0031243413923,1829.6885711772786,693.4696114913535,2758.0949602990754,635.1711598884694,2257.3165174842125,1066.5243403195032,2632.261424672837
2856.8237336266716,1854.9477712926766,876.604371925009,2716.6070074266936,683.5692884245603,2176.991713394501,999.2789567991366,2625.078897857678
2800.280538535319,1890.9777026240117,815.6188475717693,2571.958807551322,709.3170914127745,2231.332699803752,950.8047089506192,2649.188195314542
2912.479590961087,1850.8395639568657,757.4721955708911,2647.9863475850075,689.799807244599,2032.9516536631447,984.1690339647196,2699.3008586666956
2977.0302761845865,1862.0618740842453,823.7077890573601,2591.013441836474,668.1985991989872,2222.845319740287,927.2866654825896,2711.736553945176
3059.8984298976725,1886.9228532580912,773.9701470226439,2682.338747249484,644.305206598628,2269.47934541237,966.5782988012847,2834.6192462331246
2987.4797778716616,1863.2144398675603,667.398052638178,2649.2982709403445,675.9255667420746,2304.9412811001057,1051.3947059489863,2909.5888437727467
3028.484922437566,1853.6829344519908,815.0967605513731,2554.8882033522164,675.2330842341305,2026.4450405192913,1018.7917697120871,2901.487206136551
3070.101344272995,1850.1302169097241,879.8487383295258,2662.1928860413295,627.207316396685,2159.3781089007457,1026.7120442657003,2690.4984754976667
3121.987899056534,1853.6749115181112,798.1847173571507,2715.6152835176645,621.7311701580575,2300.094049710139,925.9807369858071,2430.010314374508
3103.5333024820015,1841.2614748354792,819.9387336750575,2615.505976356492,663.9502377647332,2364.1781374143707,923.5936044804404,2344.6668679326676
3090.732927508408,1848.3786466404924,913.9839939624595,2661.5541670162656,688.4101386810413,2331.071454921144,967.632306674507,2402.7806414813754
3188.7044900624087,1830.3541598972135,778.0004539786507,2502.357637695747,486.3395174332692,2226.57669397058,1000.9879049232514,2458.0873709644015
3222.4996162565044,1821.806808474763,772.7001082451395,2636.052590132556,522.9315038273246,2202.715199914176,1013.7967959663532,2497.44745300777
3245.8575096714017,1800.8628872076413,879.9802704705018,2538.9568489979915,612.4918509833722,2204.5906456043285,1046.3690038009838,2502.8698563627477
3310.020474759703,1797.7057689396902,830.9068009716473,2609.3013544338687,485.019686570749,2205.803607087695,1131.5634469931028,2608.2648345114403
3365.9019169601406,1773.0828799741998,826.0653099685834,2512.2403611949835,594.3484077155754,2130.502984565227,1156.820107002347,2408.1311200759883
3360.8769599284537,1790.3576926193157,786.6540618993483,2508.5600554519688,700.8354332032347,2263.100662524535,1233.239255923198,2392.422704255067
3447.0826106221202,1724.6427563093016,851.608443915666,2544.651448897902,687.3529516714611,2129.4974975348964,1168.1337054450087,2252.5325164856654
3488.628348727163,1770.7504262080345,999.4275376286622,2546.2614468574047,672.509643259833,2159.967036739835,1061.1810723695198,2264.787311812809
3398.5774150165507,1779.5133417650986,833.083700294184,2672.443093147892,588.3278593359933,2065.1356121449917,1005.1968866047858,2293.3360227405756
3425.257912609167,1758.124607895132,866.5001511950624,2620.639054084644,717.7846613102315,2101.409022858151,976.271967818277,2118.963400652444
3512.3869926223892,1685.8070179763097,876.9869195188702,2594.518517928956,560.8217879084926,1944.6675702406103,936.5123540315003,2061.4500934922808
3542.6158835079136,1662.5860020533207,861.508030468115,2527.192538628022,490.4056246256788,1974.148454793319,965.2338185192517,2117.806668003494
3496.623860778644,1676.5065716932402,899.9100780310231,2567.1628962369846,517.9773360932015,2205.622753682509,972.5739853464675,2077.953517308278
3489.0981168173453,1694.0968722830419,765.18558775327,2381.7855906252457,612.4331570447433,2096.3815307145373,967.7534612611338,2084.964544619831
3508.378020951443,1656.512499522473,864.7590629759472,2313.4357172082728,533.798635631645,2044.8913249077548,965.2042915349914,2099.5002261359655
3562.913168386656,1613.4245183294126,836.0427319266796,2471.846487640198,597.4871112452792,1979.9219013409088,985.2056423409056,2093.9724691837305
3670.3016045139643,1606.8295557965962,894.610351732198,2410.98701063269,560.8021805176056,1851.4625172956112,1079.6068248177498,2059.632267846856
3628.417526005817,1647.9567213876662,855.4148989572309,2371.7907539436633,648.9009423925428,1835.9640391892704,1100.1779460294729,2151.981183797263
3661.598556423646,1637.0801036771888,810.032662486435,2273.0256086273052,661.8886706087985,1970.917050163986,1091.9480822126186,2223.7295732390826
3644.4215659929755,1534.6835876099483,826.4976238982233,2333.9140409407146,620.2643662850495,2065.4161840746747,1099.5737523629127,2442.3253784244325
3682.80242056727,1593.614675236771,785.279069197545,2187.729437862271,612.8852555676199,1994.1657203548377,1064.0382454244354,2588.9527618294496
3659.7516912372344,1558.7129816414804,744.4950195060575,2353.2646586670817,627.7724871510954,1890.4984111069355,1043.3047527022704,2503.8381757204525
3642.501702825879,1533.8226031325544,799.2275239471686,2429.3485127192353,642.1590751368544,1841.663964361112,1076.5506239504493,2619.821506113371
3659.318406604299,1526.28353675837,851.25839545865,2240.4680994112937,685.5407021578326,1716.2331957986728,1100.751644145222,2594.981715626436
3777.3593433850046,1526.6114327228852,842.4397985091908,2265.4322111662477,643.0342117557207,1579.6008968734852,1040.2672215044754,2672.07930035806
3824.0768081842207,1484.7651791303751,943.4774322670124,2223.7737670361944,632.3815654881668,1521.189885789394,940.754133646733,2696.3676315347707
3858.477251920355,1465.7173111033123,715.3779657168774,2210.3788836599233,555.9955394764581,1562.1595402283456,973.5015782141643,2636.5060407069445
3744.831273951334,1474.6196165071724,814.2906268548095,2179.1312298416015,615.1602817977147,1606.481643879277,1097.078497247658,2781.6262278010186
3793.0313406633486,1521.5030446661406,877.295527309765,2162.2460532035325,564.9544899075563,1518.4715912032777,1039.08636560213,2671.77116381324
3809.6377953605843,1496.3303324583158,799.7220726666773,2227.001314294529,598.3593333816631,1576.743998667388,1048.3337814265249,2765.4352110764203
3841.1038022773946,1532.927499729349,939.4003909831108,2418.052251551609,609.3522414223917,1738.3876794009325,1081.628899344879,2881.9444274806433
3889.1833070455823,1479.5562826307319,771.716045485705,2263.7561377013667,607.1166301108836,1739.3998522197128,1059.9128909173944,2862.6642030972007
3856.89577563913,1489.9213551614243,1046.844413813041,2350.597235111197,562.274072441495,1844.7021638585206,1009.4435774886554,2914.790042338895
3800.9027426262815,1475.3670644806564,816.3953096032355,2296.8956349073305,594.0967611874262,1838.0001080493166,977.0168274233196,2906.76128055313
3793.116462772819,1450.2130959946533,888.681807950004,2177.716784701124,553.8114494866942,1820.7933353431386,851.9422731101317,2916.177856976515
3915.941262670996,1426.9013172527432,981.1140475101498,2140.511701304541,468.9434506683294,1785.2787145919306,892.7325561954672,2846.8537914519075
3779.5418585424272,1428.5230758011355,774.3488872513311,2114.227869099144,505.4945247047462,1659.9241699811864,1027.4810612634917,2845.5762682897544
3831.576677382751,1424.198788858392,667.5599618880806,2003.1515295689226,591.5975631363073,1700.342884849174,989.7751480311746,2850.82218671858
3779.1013503139425,1462.5251859302127,865.5234508336582,2196.9935747041613,602.7396717349734,1680.0701620495533,978.8735962880169,2871.0718928672663
3861.7569543473605,1400.7254333278677,939.6869545901818,1993.9224762600377,632.14077026364,1547.7945182238564,1012.0687659321507,2753.772701441299
3930.9638694453765,1408.5629368626933,792.5567669476122,2194.4051414096357,592.6137139646956,1793.18654590933,1047.8924198829204,2688.466379789308
3818.2161759091637,1373.3923615048668,822.7596752724103,2277.1544359713935,617.6757402528924,1716.195469374039,879.1479371321775,2526.9221124329665
3850.5321145144894,1438.9847910261317,825.1590900733175,2084.507743701891,612.8601102233287,1594.168897312438,901.6068754801188,2568.1493755970264
3742.5168541542357,1447.4477444225065,1035.6024952810556,1964.4234373169209,592.804856757326,1725.190792204141,803.9624038853798,2681.045943033713
3875.3354066878196,1419.2400088367312,908.0036022754243,2159.36704047999,534.0763991247319,1731.2951090311524,943.3434260249256,2617.4023872130974
3920.2571711179166,1501.2317923814624,717.4243887760998,2120.378843895199,542.0607443907202,1847.691839991911,1005.8898892876005,2661.3092434803953
3845.199161780692,1445.7785244883542,841.7216859578128,2082.2698355467205,652.9211733381625,1741.9834038226904,991.6107434056476,2791.6853219811605
3871.0584644850937,1447.1527461007427,970.2604528136584,2059.63630861839,703.393062146818,1674.8347437585028,927.4457482123871,2711.3102383072255
3831.4188143431943,1449.2842411692436,862.3673480085181,2134.798416878942,583.0079992633346,1537.6783142033005,1006.9171714560757,2612.680115259967
3833.613380906089,1381.1019531251407,1001.9340450202567,2130.8453793390786,555.7359346343152,1611.684519165312,1022.8020802266832,2797.7882265585013
3884.0525117446145,1425.7695897313947,969.0936322876343,2307.9327809165034,558.7300917844101,1681.6724320611308,1010.5268145761316,2736.3820249458436
3815.603326838634,1438.4193341417397,908.4760453357952,2226.615157403473,551.3134600425323,1635.854745464324,1077.6613208182157,2688.2994178867466
3936.274315582471,1463.6084702725907,884.9105748216618,2067.896032510482,591.1123455476294,1850.8909346643268,1106.3313787074903,2578.0739552260516
3915.0509083164457,1427.530146606756,776.7087007320487,2028.685818259766,585.3581401792865,1724.885826354363,979.0212187419413,2585.727945634362
3857.063594182178,1348.1052607176616,782.1434368811126,2053.361740618422,595.7339728691481,1434.9379882814342,998.9631769839634,2734.9900337702875
3897.004652281498,1406.221589944181,746.1715534209853,2302.611339181764,566.9374818627412,1435.4446917347598,1005.507537282035,2457.699266947314
3869.160234920146,1379.2055451264391,824.8384294798757,2292.665271703061,488.50563731850906,1514.8586333640333,1030.0608701977985,2471.870059433605
3888.249371339313,1439.4002439922415,833.7299640024834,2272.5669240564653,513.8298584966885,1506.246020859955,967.4444450528454,2593.2062729728927
4024.410985994164,1436.5818347810982,753.2866942928393,2294.2177373411614,616.7907682694308,1613.612876073922,1039.2526915192955,2649.348268582684
3869.9851030007035,1381.5957604433027,847.4386619495776,2146.923194980461,526.81347794297,1610.990993696846,1057.7001738079719,2710.706270053964
3831.311045286469,1419.1593405353426,776.3859292259025,2281.5405637063473,586.149096554618,1745.3416278527172,1040.1638192443359,2758.4978816496523
3906.826609828427,1428.3216801850315,800.5026156035331,2254.143431168962,628.7848635625204,1692.9789290367546,1014.9992285049557,2768.5907854018333
3920.7054758174027,1446.9153896884623,785.636825678332,2330.202066670962,694.8141502418065,1619.983238962216,1016.1267674993293,2922.2134815779673
3874.595597381975,1463.7975084811753,793.9899251436049,2199.132057377636,581.3716698572703,1512.1212541481623,975.4977763689598,2716.036948290988
3869.268109660321,1469.7000716365355,841.1278685443394,2405.1163181943007,569.2819881421242,1234.0122000690546,971.0576845322538,2784.210285666293
3990.940948859744,1461.1989958406782,811.2724564356876,2326.4828604119775,538.4592244222393,1221.4959909209053,944.7211854346334,2610.754563307468
3890.141689692592,1400.69134861701,1007.7264995788826,2274.950077676516,539.5165621785226,1324.1204992088713,957.6007344327666,2525.7010418151385
3810.9580319348684,1398.7972424921027,773.3064410409626,2205.1089583755243,451.95055090318647,1413.9704077875365,933.0230894849229,2478.361155738353
3902.357677624961,1422.3542551987896,854.209337275611,2265.5552576874584,454.4836302014319,1474.9288294858864,959.4498182175818,2606.4461140300527
3885.9651571790264,1435.9746424252085,872.4043521308055,2249.6011330350707,445.85776696508617,1589.311469755106,945.958808013985,2717.496440173909
3797.7967407325054,1443.130013172001,765.1721830889938,2189.992321784514,561.0883680400458,1466.2623555514886,934.1431674839775,2541.605246935167
3892.677724452853,1441.9092838311203,861.5243204849746,2245.3543856347937,576.6689379612377,1655.6943880986603,954.2685553871153,2630.5018790100494
3916.356038575489,1434.2157117466925,782.1906963873779,2254.178157964748,576.6444451833113,1615.8835977236868,1053.9013576376321,2714.245474236416
3848.3231329007135,1448.585587743807,865.1151273326943,2054.0523809881315,505.77224376854656,1718.8938948305308,893.9703827484701,2537.283401810024
3857.1221809973795,1396.7597373408082,820.3192257476873,2358.2463408740505,481.3395351218627,1803.8966176388783,931.1236069568613,2756.7606416010926
3874.636824217175,1434.9742891542562,780.0440470197187,2124.369252668186,588.8999121025731,1882.3271128343904,840.2963280138326,2724.143277047129
3941.4812154906654,1408.0340259271827,906.0003749971398,2131.119883782277,516.147867090046,1770.3797149009781,941.6583109521886,2743.1843963311157
3949.613890896905,1407.6191450941747,804.6403625826781,2175.215581977526,515.5845187031218,1642.494414627225,874.0876034354121,2697.0692514990824
3928.3602882791934,1470.7389607377856,906.6432073633572,2207.2076151523315,589.1122273930079,1635.6872723753781,900.1419008480971,2603.0687464981534
3949.3856600563636,1450.3260506809788,826.352384279739,2132.2004509866,561.6826889484139,1569.5861262324875,964.8599080537189,2528.6753410028223
3929.5211593406766,1440.4358202791823,682.9254816420927,2121.2874049938164,544.1387470201098,1440.6453481836136,1027.8711877686817,2563.1911193463875
3978.98691830512,1458.5173956093233,898.0573985636904,2081.234863020135,515.6027902336417,1401.0557129097538,1112.6991086829917,2621.766010203228
3923.5876473430435,1478.4991632231008,837.0018060120466,2011.352688864618,538.0283737954408,1504.3586821615652,1028.6967105940953,2581.899811600779
3920.1178937261384,1429.8858717751737,903.8556218695147,2248.248402619958,566.6901745875953,1557.3803650445275,976.0424142270517,2595.2712791598365
3889.7853347391315,1469.1838716783718,870.2076443417698,2055.9979533896085,557.8360356812915,1369.9163127272434,1087.3657337811674,2660.1284697078695
3901.6699258798903,1469.707826883137,857.0239513449834,1974.9767718998223,692.8917272795961,1339.084749305544,1118.5162187126787,2741.4442187988316
3940.533054354351,1451.317954338461,982.2216518074055,2092.0115970011766,523.8215701974199,1502.3493759085811,928.2088644777494,2644.7344762877055
3882.992718861117,1420.8881353802128,923.3581974975801,2152.587589769094,573.5878713983657,1415.0547348450636,872.7707738922155,2761.614769124415
3827.845275101318,1433.294265982875,774.5295879966867,2115.125655802578,618.7127940323667,1687.0676614001668,917.6369684533101,2719.877631973087
3888.265092606108,1449.013917837259,731.1371598413674,2085.1996495263015,528.6752134914527,1626.5023189919877,1010.1886746118107,2729.053507103413
3915.436198801562,1424.2084224769596,831.0696570837821,1996.9723674818836,570.6374071649811,1885.5555096713388,985.1112674865426,2749.9540321081504
3938.8225957481122,1430.1930127918079,715.4699250216264,2034.4889192186542,626.5663919880578,2049.067093353697,1002.2260962454275,2722.663440731395
3932.3551517096057,1402.982790449137,778.1318113794156,2277.2818455368147,689.0094105633941,1803.686627548782,1117.3049816131988,2948.659704394957
3994.2383674477633,1388.2977028302066,645.7301508572422,2166.6169922322065,664.1250386628951,1796.7526895078734,1097.6429158786934,2855.148735028005
3899.9846830022607,1432.326619415997,882.5832711166881,2139.6429525539234,525.8198875058839,1549.258116258586,1155.928256693336,2774.108730055497
3865.8571894174543,1402.8627911601814,843.995151961908,2214.37715324159,626.557913392833,1668.0991404433744,1098.353133365507,2859.031905841346
3983.3359720733083,1486.5424478339542,834.5551961472817,2217.767859139632,518.4854175995204,1526.5731633164016,1088.8202720818917,2886.4211791489993
3946.907532601042,1383.3635521056954,784.8073246542693,2029.0515772166598,617.2117824325398,1501.5273223638292,947.1897635410933,2743.1805967495175
3911.8910295095316,1387.7830343465746,827.0431310221849,2135.8290869877114,643.8065669694527,1710.2193649259818,962.3715718218149,2875.1369927183737
3937.2039861355224,1421.2832656217106,925.2625618874387,2149.5083176093303,567.8049193228075,1573.4002907372092,965.5883173921143,2897.895133571934
3953.620068876992,1418.5648116904767,859.4664670872335,2101.607328098101,646.1453034284289,1329.4901513599775,1027.1009218084755,2759.3322521690047
3915.9448036168596,1374.3899943384688,893.2487108604101,2142.928736164693,598.5224889029182,1421.854752525335,957.6548009257265,2826.91794863898
3880.183365126147,1434.2505239292595,838.9861606903636,2144.776599643519,513.306151563264,1548.2040883790933,899.7471909848892,2692.007571645511
3893.793752244453,1400.1428736069458,734.8213939865948,2157.7447662011778,648.2930690953772,1701.5325685447417,999.6986862499155,2783.867290021832
3964.3726397503574,1364.918964100161,823.1573593702259,2264.558348512557,595.0330064921905,1705.7562469264196,1001.4881490369607,2772.193891186448
3943.894931298845,1403.5424490715482,933.9049415304493,2365.9487952144686,684.922750642745,1673.0030529625874,1043.2707263505415,2610.948655979544
3967.214646736371,1475.0654615403123,875.3732705288642,2377.309357351958,554.1939560504536,1887.7979880456219,1061.4423270484203,2548.0728072055635
3982.1584940697285,1456.2570303791701,800.9843023600567,2185.6155482170425,546.4739852091808,1711.2133432890332,1041.8332276020997,2572.3827336648565
3950.8111708162974,1447.5478142860895,930.5608426136632,2178.0472847292535,499.4977996671492,1747.9404262140515,985.496016519038,2621.590204843944
3949.614951245059,1415.620514233277,793.4336035204973,2186.9687087600423,643.8524385885106,1683.2406442755268,1064.4349024373482,2658.4632893915996
3948.3111408243617,1433.4884026880904,856.1869369519322,2180.004258069435,590.5217513879655,1676.518323639268,1078.0683340852422,2689.147730384059
3879.4610698995,1462.8944793000665,832.7596830450561,2121.41807932007,625.3028028770086,1676.3119267638624,1022.8157764712113,2581.0368514706993
3985.071214355693,1402.9678393569375,748.7545857098319,2037.6634349065628,652.3845212617512,1796.5983810880512,1116.1488284784846,2654.5494266544742
3884.6845393982517,1410.4705765368328,886.6431897568901,2144.1296527001764,588.9425489001496,1730.8684030253637,1106.976964486025,2545.390227034395
3933.645489699843,1453.5605530494793,706.3377668305914,2085.4883885028626,597.2940235187253,1490.0872163292847,1194.7339198735326,2506.6479560858334
3951.836505016207,1465.4934550307269,772.4543802433681,2033.792208327673,640.1435546792983,1518.350209547248,998.6785694766639,2453.169428395023
3832.839567450237,1457.9792320832505,866.8310649255085,2075.3501143572907,628.4609839784773,1631.115321427199,1031.1939780832029,2506.179006019235
3960.4138745555983,1466.767014146744,885.397909048198,2076.957686692728,674.5456497303804,1546.702361650221,1107.6677521106742,2479.795136697405
3945.100431621296,1452.3520678446014,739.0717525077027,2066.524657638289,480.8533126720556,1611.8411861043598,956.6593515957165,2569.4435500574755
3874.7676961777006,1421.046653886433,849.1129460231738,2149.2499946832104,527.9608298954607,1548.2593829585728,880.9668343106746,2522.925132018263
3934.6528029803194,1396.7979333281025,921.1418685926433,1998.3323644376371,653.5278910245178,1304.2299807996505,794.3582382093233,2400.742899923358
3928.5900697120014,1437.8354260868857,914.9963108445655,1960.188310681807,639.6213937274684,1529.2935323628499,797.5622794958518,2200.0419821059286
3972.368330846915,1401.9635823733067,780.9602655366239,2026.9199400742089,630.9886884509659,1316.6351463534525,782.5743372643994,1993.2778186365022
4044.1810363830195,1409.7866491909094,838.1614183588908,2251.953506407658,574.6732224301487,1446.8671326182714,836.6598206669597,2056.5644209378065
3952.650441469691,1433.6636757075585,853.4721855295479,2176.7329566784438,603.6729116976219,1563.6672495989494,898.8826875154768,2021.0242534796753
3922.1992643746526,1435.0737596743818,788.7344839711203,2082.1618963214482,557.4589852896403,1602.7755891274346,928.8632552062272,2090.9824764487903
3992.2746252039915,1453.972116568954,723.7965572135879,2192.681032008821,585.357063688863,1499.9250742950264,932.0896190627566,2170.192084265158
3914.278435073217,1433.7405995606587,1060.204523588017,2261.7780700087624,615.4067173656795,1646.2355556957966,977.4207697843661,2262.6456068779794
4000.020485206311,1461.8807578822875,708.0318386647754,2127.3782892462013,575.10170671933,1853.2370874356038,973.7044022102522,2519.3785740663857
3985.355948798729,1423.932546115564,901.4939972954351,2058.8327401401457,634.4162365778915,1886.502797819928,1031.1864421228195,2511.4340344261454
3968.173571695691,1414.798907298619,897.3833887198494,2269.843216461407,534.3047599446555,1862.2134532071173,1028.412101052052,2586.963920908892
3959.965808177257,1390.5367557496309,919.0495264033655,2231.638508562807,605.4059560201051,1945.5357713021508,1054.8857376967867,2421.3165990153525
3906.211496887595,1406.7333719512967,1002.2626191020884,2233.8429786791553,507.7223624105504,1802.767582671112,1147.1467586701453,2463.2703794428603
3953.91040387711,1372.032674232817,807.0192014626685,2243.2859066716087,707.1035034407719,1514.3965981636998,1153.5414849417045,2481.086992401616
3943.3683375250857,1386.080479288089,754.2891852869577,2264.2212376309526,606.8496663864668,1561.6810523296153,1107.227620399315,2530.7231363859564
3901.9123401944057,1387.3500191605801,850.0618591706956,2174.144377016438,629.2291682126008,1716.0870227567875,1051.9453742773162,2553.721460857466
3899.992460698719,1416.1911156464882,881.089411689898,2172.3788601219057,483.8420327418883,1854.4051599821314,1152.8703151901882,2489.3071807646875
3881.3536448508867,1412.644802872137,839.1424913109365,2149.616549433884,568.3857714664606,1976.7483550688198,1137.668470594107,2608.92950365488
3943.635120850952,1415.1418962160385,984.2637279878874,1972.339247469738,516.9905765297743,1967.6267190381895,1124.6584170448625,2747.2188199929196
3971.841631725137,1355.9750382230184,777.8678105428611,1858.9319762132525,659.5487040871812,1805.5602498415597,1088.4255410737178,2870.4534990240672
3889.0389066051375,1410.2825062839913,759.2790409079532,1887.3830015516155,651.601169845278,1685.7664267496184,997.7085957786353,2814.327045842282
3962.4011477516083,1451.2616421285848,839.3198595378518,2033.097839550337,572.9145246065077,1774.0525335352258,932.6208564203812,2789.0709546768076
3990.2284660876917,1418.3428581274438,723.1999266110605,2071.8478729843346,598.1223864886757,1824.8676100110633,939.9177028174494,2736.923806380271
3986.786331990659,1380.5569514843633,821.1352236195216,2102.033274932509,590.3709181504685,1648.288402953214,859.7513291051773,2853.423912248687
3979.8840149604857,1401.2295907886987,908.8983554511791,2190.9231615205676,576.8440231175922,1582.0609973988387,903.2702329567139,2950.5939983665503
3930.0211481811184,1462.1969746535344,916.468304376418,2164.6741976293692,535.32061520003,1475.6842424279193,953.483581913717,2845.14042702831
3902.79230531939,1449.804554024924,722.2639065078409,1999.821485872779,576.260842869583,1592.9000266178537,949.1379136620928,2820.437028740655
3918.7442158373915,1445.4294979670665,818.1517849880042,2201.706370099507,568.7271159223625,1728.8567436545643,998.2625910504152,2667.4603867845613
3969.9503212946925,1450.9446603017768,693.8940005026669,2185.9373712070633,594.4957669384661,1520.489675432698,1020.0354924312974,2586.867792221658
4052.4250337823405,1433.9117247225472,877.922358359395,2166.065713789343,601.6841199013404,1596.1750997088536,1068.8163177450908,2660.0482360871847
4000.018830054351,1478.3847626764039,838.0160100442675,2239.161017415225,586.664288927625,1338.5154171387233,1083.978353922399,2739.3414348109827
3916.156631310439,1472.0176349239418,737.9593536040468,1966.5887016903912,601.3992720660722,1325.2331927406674,1150.835510718578,2531.9195517615567
3980.527434340398,1419.7127192479643,762.1223301182858,2068.239792757216,596.7916384951277,1379.7240114598685,1096.3990597504442,2316.839158533898
3929.887973549046,1448.4878243754124,930.4025039753079,2155.8536499947877,623.1319816765939,1513.200224921224,1060.5154549286574,2334.724442937196
3964.948243655547,1443.19597709765,940.609273819436,2207.595176059021,630.7073628327595,1501.1048416084025,936.6545977084838,2331.3830027907643
3944.3468494858134,1428.5009550371412,788.3545143655373,2090.9514493439087,718.6482454536622,1528.4088515646808,957.7388832763185,2476.111784611979
3993.2307030679913,1472.3334452242798,872.4964337753133,2371.943588602755,671.3181636967946,1739.3298348329781,965.2634885898658,2316.596127846103
4012.8328409297255,1459.1312620361439,851.9158825435221,2147.6835347042206,656.880962913723,1747.7762564857906,879.5336137967163,2415.15368116566
3993.100505074188,1377.4425794324998,820.4397315537269,2016.2705602086558,488.68311711704587,1857.4313041071132,884.867338468283,2458.7386806275545
3882.2921335243086,1425.444498047206,848.1204866105036,2162.760837701975,619.864834571176,1933.0229522845777,893.1459924631249,2390.904766731628
3912.082526618022,1433.9016616645245,938.3976480939453,2214.4670220418566,485.70512590564937,1546.6813482394302,939.3143696601916,2426.2134815280197
3860.222023325891,1400.6451393486668,816.7855257521323,2137.6149221881933,576.3779853826908,1583.1469580509233,932.7782429525043,2541.146770334075
3881.0055755610247,1480.0964883603872,1034.7368933885714,2153.7638479816183,640.8791931730746,1620.654836393785,956.2918316358324,2712.7626293862586
3907.5213247741794,1464.1175181809197,816.4318961256669,2048.7306130149946,625.219418429903,1761.4213954459294,1051.6043588330388,2534.0896172296584
3944.7395508420486,1430.608794236017,912.3765234779501,2079.541417248782,690.7397404342577,1673.4908464249706,1036.8623417464744,2559.375544157884
3936.0697123885516,1452.2573387256646,810.6785246690403,2239.4454465575764,695.9815734107547,1512.6525904515047,1063.3424631677392,2388.4777580477335
3864.140411390562,1445.2317910579457,947.9142286666673,2197.215636573214,647.6211348874742,1602.2996807810678,1013.32332322392,2468.489397401922
3966.799827042368,1496.4574879115016,724.5583964133943,2174.3898907114167,661.877161055239,1577.0145499821758,980.9574142984897,2681.7520903806208
3956.814054332113,1461.4141814039892,750.4850100735041,2275.254371872881,640.462478139607,1460.76322676582,1026.9913773960504,2523.2775726255454
3921.2838807265603,1406.114915773651,783.3464971527028,2221.766912848255,652.6826640480791,1396.8399242557546,1038.9882046210885,2597.1160713142162
3834.346262691546,1405.948171723849,779.5960123310022,2284.5252811027476,479.5633992357849,1352.067013720936,1026.3856166130663,2498.7526433842622
3906.3129858747143,1426.66391426834,754.1813301028764,2127.5142720278923,636.7214906014619,1331.8427280656906,980.706746845109,2579.692933372443
3911.6906194833373,1484.5246979730337,743.2923719994756,2156.364205446971,673.6419481415649,1405.7061315044366,960.3572808327226,2520.035059530419
