pref 10 rep  0   successful refill  successful local refill     needs after refill   AV       seconds
         [total]                    [total]
month 1          53.2               17.9                        14335.78             28244
month 2          12.6                3.8                        11714.77              3233    324

pref 10 rep  10  
month 1          53.1                17.8                       13705.05             28244     
month 2          14.4                 4.2                       11113.25              3966    398

pref 10 rep  20
month 1          52.7                17.3                       12922.71             28244
month 2          15.1                 4.0                       10284.51              4414    479

pref 10 rep  50
month 1          53.0                16.9                       11367.17             28244
month 2          24.5                 6.6                        9423.84              7634    694

pref  1 rep  50
month 1          51.8                 4.1                        9154.09              28244
month 2          30.7                 2.2                        8079.96              10578   714

pref  1 rep 100  
month 1          50.8 [209.2]         4.0 [18.8]                 7840.22              28244 
month 2          33.5 [281.4]         2.4 [22.0]                 6822.10              11864  1103

DA QUI: IMPORT

pref 10 rep 10
month 1          53.1 [66.0]         17.6 [21.0]                     0.0              28244
month 2          54.6 [65.2]         18.2 [21.0]                     0.0              28244
Imports [(1, 475.76), (2, 44.71), (3, 12.95), (4, 535.11), (5, 218.68), (6, 73.08), (7, 86.57), (8, 95.61), (9, 16.74), (10, 99.93), (11, 436.77), (12, 60.54), (13, 168.19), (14, 95.82), (15, 363.3), (16, 403.37), (17, 41.9), (18, 138.11), (19, 153.16), (20, 259.78), (21, 67.72), (22, 33.56), (23, 169.81), (24, 292.26), (25, 9.72), (26, 190.91), (27, 538.13), (28, 136.45), (29, 1005.55), (30, 201.71), (31, 462.67), (32, 27.02), (33, 16.3), (34, 475.57), (35, 76.94), (36, 161.71), (37, 45.33), (38, 49.62), (39, 72.34), (40, 309.39), (41, 303.11), (42, 68.43), (43, 322.85), (44, 0.0), (45, 363.34), (46, 689.91), (47, 212.17), (48, 24.4), (49, 153.51), (50, 115.16), (51, 155.38), (52, 86.27), (53, 9.75), (54, 279.49), (55, 7.75), (56, 16.85), (57, 43.77), (58, 1.89), (59, 24.07), (60, 29.43), (61, 2.15), (62, 17.12), (63, 18.89), (64, 0.66)]

pref 10 rep 20
month 1

