0.000000000000000000e+00,0.000000000000000000e+00,0.000000000000000000e+00,0.000000000000000000e+00,0.000000000000000000e+00
0.000000000000000000e+00,0.000000000000000000e+00,0.000000000000000000e+00,0.000000000000000000e+00,0.000000000000000000e+00
4.025055459157340465e+02,4.487333333333334053e+02,0.000000000000000000e+00,0.000000000000000000e+00,0.000000000000000000e+00
1.218267512003671527e+03,1.394191676306487807e+03,0.000000000000000000e+00,0.000000000000000000e+00,0.000000000000000000e+00
2.592283249443491513e+03,2.913126942080593835e+03,0.000000000000000000e+00,0.000000000000000000e+00,0.000000000000000000e+00
3.071158250166400649e+03,3.699728414859325312e+03,0.000000000000000000e+00,0.000000000000000000e+00,7.807116373626556015e+04
5.630218449790675550e+03,6.400907664692924300e+03,3.889349024094419747e+02,4.406026172157274232e+03,1.390760132309968758e+05
4.206052227122334443e+03,4.645540603791137983e+03,4.498458536610661440e+02,5.096052301782242466e+03,1.780294156396108156e+05
2.609133007979760805e+03,2.957086987779913670e+03,4.292874106652662931e+02,4.863157189162751820e+03,2.255630168462110450e+05
6.999916422920799960e+03,7.994795646466820472e+03,3.450307365702222455e+02,3.908660411059564467e+03,2.774262592443093890e+05
3.638787988662721546e+03,4.256486167990466129e+03,4.238077743120699097e+02,4.801081450944042444e+03,3.314304140758362482e+05
3.338517701442137877e+03,3.712281512661078068e+03,3.318914672243967630e+02,3.759812970878465876e+03,3.490717038025681977e+05
5.881883119268149130e+03,6.661622144552275131e+03,3.321875022468058773e+02,3.763166586222651858e+03,3.738158943706617574e+05
6.911023471859017263e+03,7.791164025284126183e+03,5.225334476367457910e+02,5.919489436027490228e+03,4.090368505133721046e+05
6.573700216599768282e+03,7.534216942313996697e+03,5.745953430775005017e+02,6.509269557232965781e+03,4.229469665536839748e+05
5.402112657253648649e+03,6.170405614603118920e+03,6.431579310309450648e+02,7.285976803310088144e+03,5.016858327245565015e+05
9.722799168308130902e+03,1.132419712401613833e+04,7.634711016136433273e+02,8.648937481713122907e+03,5.846156188120314619e+05
6.268107343762785604e+03,7.212411844596897026e+03,1.001168102526785106e+03,1.134167397971986247e+04,5.750338179946881719e+05
6.803337360658922080e+03,7.776196167500776937e+03,7.783108193316819552e+02,8.817048351290655773e+03,5.708878265791299054e+05
1.143237761556447003e+04,1.351121158461963387e+04,8.448426644095184201e+02,9.570750446111303972e+03,5.702471948632642161e+05
1.393091021306397852e+04,1.555641035794405798e+04,8.291035909215271431e+02,9.392451277576941720e+03,6.046648155488825869e+05
1.399759427732986296e+04,1.649673486710229918e+04,1.205295775362342738e+03,1.365412231851207252e+04,5.962583534008597489e+05
1.431213086360081797e+04,1.661397531199466175e+04,1.133254098446257558e+03,1.283800241769582863e+04,5.797515471964923199e+05
1.531649049636933705e+04,1.743584861506050947e+04,1.067402151752720101e+03,1.209200251174295954e+04,5.628291047994649271e+05
8.760392284781995841e+03,1.026368728535783885e+04,1.277283265134846943e+03,1.446962836345852338e+04,5.566847095407367451e+05
6.853298994514148035e+03,7.915628333909176035e+03,1.017839397905929673e+03,1.153053376913250941e+04,5.481825257156927837e+05
1.730793000441764161e+04,1.990457795050613640e+04,1.019400777052796229e+03,1.154822176098702403e+04,5.435567430885595968e+05
1.419602224561685216e+04,1.679816183497738893e+04,1.208223335099189399e+03,1.368728700684729847e+04,5.398264716115003685e+05
1.738463302956374173e+04,1.979889514491608861e+04,1.012662410364190123e+03,1.147188657017831611e+04,5.296559854559231317e+05
1.231159761307745794e+04,1.357558711535235125e+04,1.077956966356946850e+03,1.221157210835255864e+04,5.192609430546404328e+05
1.179078561684129818e+04,1.338179366894156192e+04,1.383129064286231369e+03,1.566869627529882746e+04,5.022137681272444315e+05
1.287944857439775296e+04,1.424960388543359659e+04,1.241807346647400891e+03,1.406774150689542694e+04,4.976670739200151293e+05
1.396243199830639605e+04,1.602607058881362173e+04,1.506348750026951166e+03,1.706458323976330939e+04,4.697283657151011867e+05
1.643098730418508057e+04,1.923235664606278442e+04,1.314891907347135202e+03,1.489567565533205925e+04,4.577546200666372315e+05
1.834754950218799786e+04,2.172379434187769948e+04,1.300995972308257478e+03,1.473825637233997077e+04,4.456521329413154162e+05
1.518805459601764596e+04,1.760943095080081184e+04,1.201570664622273853e+03,1.361192262053369632e+04,4.318599590770422365e+05
2.333172208586813576e+04,2.670826524367205275e+04,1.264212420917429881e+03,1.432155607332112959e+04,4.256786861590336775e+05
1.837028092620244570e+04,2.064682371335947391e+04,1.676874350528750028e+03,1.899637247796031443e+04,4.146137111150940764e+05
1.856148959956200270e+04,2.145012195382370192e+04,1.522721256113206437e+03,1.725005821224059036e+04,3.995281777883930481e+05
1.921583977145013341e+04,2.203992540981725688e+04,1.633127983429511914e+03,1.850079433060975134e+04,3.932145052483212203e+05
1.339064996157275527e+04,1.507763008281157090e+04,1.557246039410227240e+03,1.764117018972671940e+04,3.747295007420290494e+05
1.555445055866485563e+04,1.753859956568326743e+04,1.381873245368937205e+03,1.565446980453775541e+04,3.688846101872721920e+05
1.896541959935727937e+04,2.130467400701840961e+04,1.364103193246385445e+03,1.545316281396549130e+04,3.656518400062890723e+05
1.969711890046190092e+04,2.199885440766112879e+04,1.573431661292131821e+03,1.782452805548400647e+04,3.720029823259575642e+05
1.646834448057057307e+04,1.883919522942144977e+04,1.727540418875440082e+03,1.957034005400680326e+04,3.701375246731505031e+05
1.613740056272108995e+04,1.856171741551754167e+04,1.724325177580539730e+03,1.953391638205714844e+04,3.650041493535443442e+05
2.305707966831346130e+04,2.663940574168534658e+04,1.667903351409009474e+03,1.889474504193667235e+04,3.538261538733361522e+05
1.480859936262958217e+04,1.707628857337188674e+04,2.045914099635851926e+03,2.317701757578831166e+04,3.474606797229030053e+05
2.363028835309706483e+04,2.679385309963119653e+04,1.714060536686709611e+03,1.941763400126325359e+04,3.325917491180945653e+05
2.583792048257324495e+04,2.897119669097857695e+04,2.162927356612592121e+03,2.450259537694470055e+04,3.076693317199905869e+05
1.957618091917247875e+04,2.336896370840532472e+04,2.178113128392900762e+03,2.467462649961830903e+04,2.863662088310707477e+05
2.517530502305570553e+04,2.922324390034395765e+04,1.474282937513796924e+03,1.670132756821210205e+04,2.742653926588939503e+05
2.331385472227344871e+04,2.610641804395491636e+04,1.901162465655907909e+03,2.153720720179735508e+04,2.759520846207421855e+05
1.800778624137726365e+04,2.091790359945924502e+04,1.895509306145413120e+03,2.147316571669453697e+04,2.693750969819494057e+05
1.655386883393475728e+04,1.886484096919309377e+04,1.803344058187467226e+03,2.042907712461806659e+04,2.642810842060326249e+05
1.729023993327979770e+04,1.940454852414723064e+04,1.719782413269056633e+03,1.948245394367391054e+04,2.598264304780045641e+05
2.049046705470409506e+04,2.352915581308965557e+04,1.680216285350242288e+03,1.903423139007624559e+04,2.564988095826699864e+05
2.648705876914769760e+04,3.053863598060778895e+04,1.651208011906845059e+03,1.870561287009021544e+04,2.529361571940780850e+05
2.249100022023754354e+04,2.600166332257119575e+04,1.989706228119536263e+03,2.254027000839867105e+04,2.407996763231502555e+05
2.522274854539471562e+04,2.845426310233366166e+04,1.947179275637656019e+03,2.205850592783796310e+04,2.193886367247437884e+05
1.675180446834725080e+04,1.904304372360560956e+04,2.050441775057284758e+03,2.322830908056785847e+04,1.890980707056034007e+05
1.686406064256327591e+04,1.915014203303613613e+04,1.681457641944011812e+03,1.904829402525566911e+04,1.873049411799455702e+05
2.472610415581765119e+04,2.894075361269508358e+04,1.725826934997169246e+03,1.955092895264649633e+04,1.929613423214631039e+05
2.315250903186044161e+04,2.668975779021077324e+04,2.076336602552724798e+03,2.352165711120640844e+04,1.858933736148219905e+05
2.748086789896588016e+04,3.130482236946144258e+04,2.479216025054820420e+03,2.808565295928061823e+04,1.678731513830249605e+05
2.104720339266252267e+04,2.400682808160667628e+04,2.389707914281980266e+03,2.707166558956311201e+04,1.473867517680323799e+05
2.453706231020001360e+04,2.773450107783303974e+04,2.155059405827612409e+03,2.441346375912097574e+04,1.320668312731543265e+05
2.193149051168159349e+04,2.520472904541082607e+04,2.008758437156264790e+03,2.275610183818098812e+04,1.240604075377538393e+05
3.000067136370569642e+04,3.401602047817365383e+04,2.263191168208780255e+03,2.563842807099279889e+04,1.097554811945477704e+05
2.473405872883776101e+04,2.789509217002351943e+04,2.383408677965456263e+03,2.700030506135319956e+04,9.530326521376839082e+04
2.565718558384631615e+04,3.032114038563021313e+04,2.290108034570980180e+03,2.594335420883645929e+04,8.740380132588563720e+04
2.575129344478841085e+04,2.909476035733945173e+04,2.068097892176601363e+03,2.342832536515547326e+04,8.691935971474020334e+04
2.635443934481347969e+04,2.929960857921770366e+04,2.657996670083091431e+03,3.011095898399031648e+04,6.479879556390164362e+04
2.253122687396596302e+04,2.635201228995978818e+04,2.135913441263983259e+03,2.419656982536508804e+04,5.755231718281430221e+04
2.764085047168318852e+04,3.070176736043827259e+04,1.902106322950553931e+03,2.154789963365993390e+04,5.381008518679271219e+04
2.580693882211045275e+04,3.015708077764397603e+04,2.311312462481721923e+03,2.618356732358026420e+04,5.702357131866883719e+04
2.920413745644684604e+04,3.274970167775574373e+04,2.105751679914984379e+03,2.385488408546676874e+04,5.593366559519474686e+04
3.066207500511833496e+04,3.498171005464222981e+04,2.557820850495368177e+03,2.897612310223608802e+04,4.224876955861632450e+04
2.399347594836333883e+04,2.829711560507944523e+04,2.256305657855639765e+03,2.556042597183261751e+04,4.132104922267527581e+04
2.203179598426036682e+04,2.514753132338277646e+04,2.743689286788569916e+03,3.108172275352085126e+04,2.724793376278375217e+04
2.494339518543192389e+04,2.858154367245573303e+04,2.186524294281813582e+03,2.476991189780531204e+04,2.433693046380697342e+04
2.217748087174845932e+04,2.537709987591269601e+04,2.288292565226819079e+03,2.592278777112266835e+04,2.406290659329128903e+04
2.942201765871576572e+04,3.362824122638645349e+04,2.675953944676700303e+03,3.031438691331707014e+04,2.994514700435187842e+04
2.694601303060608916e+04,3.034991940100403008e+04,3.669326002169466847e+03,4.156774385528483981e+04,2.155450886877824087e+04
2.508209034032986528e+04,2.853742164817572120e+04,2.430946861386029923e+03,2.753883857693715618e+04,1.936894063992118754e+04
2.410017406559133451e+04,2.743591464117919531e+04,2.169853584591469826e+03,2.458105874333380416e+04,2.009679462989331660e+04
2.112316946654146159e+04,2.405773779781008125e+04,2.541134804389308556e+03,2.878709621008094473e+04,1.749041080541778501e+04
2.613252320011107804e+04,2.980803083126862475e+04,1.972782336605511773e+03,2.234854869852495904e+04,1.869060180185046920e+04
2.699948855088050914e+04,3.070847568671310728e+04,2.718436364772713205e+03,3.079564651136303291e+04,1.667966727168755824e+04
2.433340926207102166e+04,2.794381630249926093e+04,2.620461932783499833e+03,2.968574891957457658e+04,1.776013804915038054e+04
3.019518362724604594e+04,3.436961120709489478e+04,2.854515678206206758e+03,3.233721301198524452e+04,1.813624126500046623e+04
2.314849729007538917e+04,2.607007480207107801e+04,2.659405050750932332e+03,3.012691374157166501e+04,1.320865750077842677e+04
2.675525238278345569e+04,2.983156778977346767e+04,2.529201194594832941e+03,2.865190701323324174e+04,1.192132271709496854e+04
2.114652177884921184e+04,2.408793901810111856e+04,2.109742714063075709e+03,2.390009628113634608e+04,1.152286627971446251e+04
2.593952635345590897e+04,3.001767835036302131e+04,2.153482783319648661e+03,2.439560308374659508e+04,1.180841465425462593e+04
2.056036385932909252e+04,2.337858810801821528e+04,1.783138472509338271e+03,2.020017933537342105e+04,1.081855363733328340e+04
2.556620722238679446e+04,2.910038397091135266e+04,1.932864245052744081e+03,2.189633894559588953e+04,1.210055076518835631e+04
3.209771381728919732e+04,3.793221980408011586e+04,2.434376966574041944e+03,2.757769632186570016e+04,1.151422054438269879e+04
2.347201442517105170e+04,2.640162543123536670e+04,2.565985052977185205e+03,2.906861078998752055e+04,9.364117789818221354e+03
3.055954122038506466e+04,3.512613600606431282e+04,1.891791015531220410e+03,2.143104328011112011e+04,1.083151712832536941e+04
2.481957232959740213e+04,2.811146561901258247e+04,2.420363077843496285e+03,2.741894080741335347e+04,8.360821342754890793e+03
3.663686334063552931e+04,4.144558078941518033e+04,1.957695957852701213e+03,2.217764354391894449e+04,1.066282148106972636e+04
2.193213220594008453e+04,2.485280355989076998e+04,2.556855775331792302e+03,2.896519030499297151e+04,1.011839491292646198e+04
3.022521736391315790e+04,3.475156718728401029e+04,2.510084023001326386e+03,2.843533925894633285e+04,9.696304121782854054e+03
2.932697794230197906e+04,3.407737343448196771e+04,2.980908534520132434e+03,3.376904705270246632e+04,1.018909547973585904e+04
3.012370170418661291e+04,3.486488854773555067e+04,2.732893998950976311e+03,3.095942897002714017e+04,8.403567523045388953e+03
2.733782474149851987e+04,3.042582434354893849e+04,2.523244080550437502e+03,2.858442219706598189e+04,7.121364219387852245e+03
2.614653649138666879e+04,3.019215376871707849e+04,2.152549361668213351e+03,2.438502887145450222e+04,7.257838683383550233e+03
2.998525426350947237e+04,3.362475199955263815e+04,2.334955618884297110e+03,2.645140743064396520e+04,6.931682589487467339e+03
2.029301780727948062e+04,2.364719773604316651e+04,2.681653308891761299e+03,3.037895182569868120e+04,6.683796328564120813e+03
1.937993775830246886e+04,2.223687437320813842e+04,2.561315995129392832e+03,2.901571764270439598e+04,5.162065619832819721e+03
2.393487938113889322e+04,2.756065883712789218e+04,2.004535316923075015e+03,2.270826046894328101e+04,4.860676453167824548e+03
2.276990597907250049e+04,2.675193917821122886e+04,2.104131291854067513e+03,2.383652761459922112e+04,5.674466207983324239e+03
2.475468972459151337e+04,2.837009847691650430e+04,2.839928232669335557e+03,3.217195999297819435e+04,5.962401513896825236e+03
1.978275734518527679e+04,2.272639208565833178e+04,2.752012219915499372e+03,3.117600861205190449e+04,4.324731507937452079e+03
2.887028449466995517e+04,3.343328335158415575e+04,2.102518079936973209e+03,2.381825243825500365e+04,5.769496149725221585e+03
2.758962581348216554e+04,3.160405719024754217e+04,4.134454181639159287e+03,4.683692108637300407e+04,4.495544434260700655e+03
2.562181570474485488e+04,2.945967026565425476e+04,2.709249521957591242e+03,3.069157390272810153e+04,3.044782668594268671e+03
2.302361689136923451e+04,2.667409622757607576e+04,1.957457048859216684e+03,2.217493707743435880e+04,3.103154337005080379e+03
2.790123317015347493e+04,3.216680711398461790e+04,2.093070947087891909e+03,2.371123114927569986e+04,2.229543644940049489e+03
2.535406471183080430e+04,2.865853366605336487e+04,1.894376958885870863e+03,2.146033798734804441e+04,2.714913121922236314e+03
3.224969208541557600e+04,3.741169534311145253e+04,2.033037347234120716e+03,2.303114404337210726e+04,3.029495134876755401e+03
2.655942935444316390e+04,2.999284075769587798e+04,2.381954406421193198e+03,2.698383043167673532e+04,2.373456507494090147e+03
2.181245570056264114e+04,2.469242112547492434e+04,2.112580244864289853e+03,2.393224108196805537e+04,2.333954405294367461e+03
1.853070155187377532e+04,2.197594459157895471e+04,2.169123903544529639e+03,2.457279259449956953e+04,2.501642015674985487e+03
2.792617274443717906e+04,3.262937359526073851e+04,2.171790734347455327e+03,2.460300363043800826e+04,1.618562089345163486e+03
2.447699568000072031e+04,2.796295640637911492e+04,1.827598165794834358e+03,2.070383835648066452e+04,2.178862261357952320e+03
2.682900333044761283e+04,3.097086350415616471e+04,1.931891816540818127e+03,2.188532284637837438e+04,1.577875507114507172e+03
2.625901162201630359e+04,3.062775184037522195e+04,1.648225479162560077e+03,1.867182542327269766e+04,1.129776135934612057e+03
2.500167689928102118e+04,2.903276938502558187e+04,1.293543899219594550e+03,1.465383600054491762e+04,1.566633284085670766e+03
2.234549985619238942e+04,2.608155081907790372e+04,1.990506771794856604e+03,2.254933892035171084e+04,2.310188886552330132e+03
3.076255132964336735e+04,3.517606624066329096e+04,2.849998098117532209e+03,3.228603587158923619e+04,1.728049877454280022e+03
2.697067182278590190e+04,3.152026352213104110e+04,2.341879811308320313e+03,2.652984773736959323e+04,2.390570540975424137e+03
2.668375011142764561e+04,3.153208892156735965e+04,2.498097547123356890e+03,2.829955117178034925e+04,1.064962742946499020e+03
2.402550389541820550e+04,2.777036519902860164e+04,1.832437060576439308e+03,2.075865549148189166e+04,1.322603846551973447e+03
2.405768709181540180e+04,2.760067380361040705e+04,1.871048421167730567e+03,2.119606201955104916e+04,1.080888804260314373e+03
2.203823054851611232e+04,2.459536310068389139e+04,1.786000953194949034e+03,2.023260677950343961e+04,1.226348521214986704e+03
2.017871326763859179e+04,2.331988949661222432e+04,2.042309004834572761e+03,2.313617747131544820e+04,2.089861773050558895e+03
2.503568156942136193e+04,2.991998872897363617e+04,2.574357400578871875e+03,2.916345643749023657e+04,1.070186379940821325e+03
2.392083600726599252e+04,2.744468493733005380e+04,1.286053842034695663e+03,1.456898532814916143e+04,1.338106204744748766e+03
2.719981665073675322e+04,3.086840309673072625e+04,2.025900144998587848e+03,2.295029066752199651e+04,9.611883753098587704e+02
1.833303880295475756e+04,2.094986839043841610e+04,1.718030445568228970e+03,1.946260688059265885e+04,6.582913783234198490e+02
2.216576533458642371e+04,2.548624764303921984e+04,1.139409656989927953e+03,1.290773530070437482e+04,8.502329616614607630e+02
2.674249735103092098e+04,3.053255036400834797e+04,1.709383483001709237e+03,1.936465027360848399e+04,1.744199439794190766e+03
2.484762706414105924e+04,2.821896967964409123e+04,2.917906888286115645e+03,3.305533660790456634e+04,1.405661728773359755e+03
2.053526828552522056e+04,2.324995789328081446e+04,2.609400091461173815e+03,2.956043550060270354e+04,8.912667202722788033e+02
2.376667236968525322e+04,2.740007294108893257e+04,1.857097646792145952e+03,2.103802149235768957e+04,6.911682372366899472e+02
2.248529976069143231e+04,2.659810057140367644e+04,1.579670448103733406e+03,1.789520378503189932e+04,1.563905823613768007e+03
2.141027483413399750e+04,2.463516747737892365e+04,1.778534539259090252e+03,2.014802394826418458e+04,9.674155804944041392e+02
2.560262354365843930e+04,2.819033986546714004e+04,1.388087223984684670e+03,1.572486449589766380e+04,1.267899273286312109e+03
1.966142665853536892e+04,2.225470104403092773e+04,2.138835931553461705e+03,2.422967708476389089e+04,1.045806312745444302e+03
1.854689661079850339e+04,2.116130216327333983e+04,1.746907142415038379e+03,1.978973484284109145e+04,8.475505634685238192e+02
1.757401882150189340e+04,1.978944999691927296e+04,2.234514915064401066e+03,2.531357082344104128e+04,1.872635910218820754e+03
2.396081552098509928e+04,2.744721173097293649e+04,3.169979098342981160e+03,3.591092181741831155e+04,5.297071309339676191e+02
2.369800067122703695e+04,2.667240593221006202e+04,1.433676309291499138e+03,1.624131776810895462e+04,9.708530415912933904e+02
3.038872323996882915e+04,3.447755942764969950e+04,2.684931477210527646e+03,3.041608836273802444e+04,1.408398530824429372e+03
2.630734370034482345e+04,2.982886952101420320e+04,2.206430354186919431e+03,2.499541652694269942e+04,1.332423499250386158e+03
2.731433358000682711e+04,3.139559248733603818e+04,3.979569636412000364e+03,4.508232062314399082e+04,4.566967812560592392e+02
2.187910055388116234e+04,2.513883529621810158e+04,1.567832826046694890e+03,1.776110197962357051e+04,4.491474425861669602e+02
1.941618894224474570e+04,2.253052085344804436e+04,9.612536710135096882e+02,1.088950568933296927e+04,1.110965703207301431e+03
2.339565108403899285e+04,2.600017913342551765e+04,2.519591648321310913e+03,2.854304583332524271e+04,6.315103483281601484e+02
2.846428908776553726e+04,3.241304193827541530e+04,1.566828324192962555e+03,1.774972253943934629e+04,9.288849740944194764e+02
1.811999517776900029e+04,2.102958896162098972e+04,2.429450797860162311e+03,2.752189050925449919e+04,8.103380620874620490e+02
2.647345759887252279e+04,3.070015489496310329e+04,2.392064079732436767e+03,2.709835727132355896e+04,3.675460654591572620e+02
2.168519876285539431e+04,2.519513340720168708e+04,1.452050606997055183e+03,1.644946991923799578e+04,1.061346349606487820e+03
1.957441924639674107e+04,2.223162908879073075e+04,2.562600615838425256e+03,2.903027039286959916e+04,9.820176785435830880e+02
2.039316715223803476e+04,2.301195706461621739e+04,1.814694369106596241e+03,2.055765845445500236e+04,5.676858227868123095e+02
2.811105250549831180e+04,3.244218296793373156e+04,1.186037031442731632e+03,1.343595077045349171e+04,3.875705740173879121e+02
2.492643912458373234e+04,2.862603324021320805e+04,1.607498082812696339e+03,1.821044750853771257e+04,8.321958870573876084e+02
2.460378621067451604e+04,2.783865244896280637e+04,3.297116099793865942e+03,3.735118586256304843e+04,8.500002988542880757e+02
2.000375739609741140e+04,2.335230512717717647e+04,2.444376663160407134e+03,2.769097729665148654e+04,4.106262741116228199e+02
2.551391140042551706e+04,2.828388106441310083e+04,1.318608950199674382e+03,1.493778395672095576e+04,9.329621169599959103e+02
2.256233165390565773e+04,2.653007938620980713e+04,2.614937558426820942e+03,2.962316636951405962e+04,4.783927766113790767e+02
2.476170294003358867e+04,2.863523801008192822e+04,1.559351480378594033e+03,1.766502155393468274e+04,1.153599591041226631e+03
2.508758162870188607e+04,2.847629757004833664e+04,3.381382306877928841e+03,3.830579063457178563e+04,4.999986021055398169e+02
2.232468078624268310e+04,2.573392149690200677e+04,1.815501363382917361e+03,2.056680044166218067e+04,3.601095124198070039e+02
1.801083337896994271e+04,2.073776987732599082e+04,9.883834829281072416e+02,1.119684416834554213e+04,6.953324105949791374e+02
1.847131348055215130e+04,2.149121566502272617e+04,1.660291021421411187e+03,1.880850920928530468e+04,8.301589612281288737e+02
2.198605949093317031e+04,2.525269662891500775e+04,2.966650239973954740e+03,3.360752280133905879e+04,3.503830110722217341e+02
2.402778929277200223e+04,2.758051491575962064e+04,8.752451961112594745e+02,9.915163738793107768e+03,5.208960634672101833e+02
2.475757129440267818e+04,2.823065756743206293e+04,1.883833495746202971e+03,2.134089698513722033e+04,6.623731607097023470e+02
2.168543857844098966e+04,2.457400849525161175e+04,1.855496684048086308e+03,2.101988508004993128e+04,5.473206352667729107e+02
1.970729430523110932e+04,2.186026991681061918e+04,2.629559259181551170e+03,2.978880744674238304e+04,3.855746104725566852e+02
2.684318907153227701e+04,3.055977144491284344e+04,1.032031604910248461e+03,1.169130935166398922e+04,3.451328964246566215e+02
2.127827276539799277e+04,2.443652126226946712e+04,1.436444032019925544e+03,1.627267175229287750e+04,5.858601026820224433e+02
2.468481725109253603e+04,2.744985821909369406e+04,1.812489766445240548e+03,2.053268374283882804e+04,3.347316920655458716e+02
2.046847253784792338e+04,2.280072707911226826e+04,1.774275459488703518e+03,2.009977521352380427e+04,3.471191674726465521e+02
1.890228367984202123e+04,2.108557537459767991e+04,1.586956746156983627e+03,1.797774618408603055e+04,7.094189543011372052e+02
2.276078198776999488e+04,2.536229863920009666e+04,1.421719793810864303e+03,1.610586908554247566e+04,4.850865614510315140e+02
1.621996662946498509e+04,1.832769026254122218e+04,2.295009257922034521e+03,2.599887742937170697e+04,3.329424061441280287e+02
2.797018121810084267e+04,3.214263752196512723e+04,2.003046098048559315e+03,2.269138994049099347e+04,7.633169825902023149e+02
2.118788223770251352e+04,2.427451324830871818e+04,2.513776682266091484e+03,2.847717133229491083e+04,6.044613037100972406e+02
2.339337420402710268e+04,2.682254767727287981e+04,2.073051778928859221e+03,2.348444517993458794e+04,8.691881545523233399e+02
2.218973866370577161e+04,2.583729986213465963e+04,2.869402111143057027e+03,3.250585309217217946e+04,2.698314950179214975e+02
2.123177279940562948e+04,2.375842230954000843e+04,1.542420092904517332e+03,1.747321532651829330e+04,5.448490484409617238e+02
2.537708883087380309e+04,2.867540228791215486e+04,1.380819067474553094e+03,1.564252761224801179e+04,7.096946478512438716e+02
1.768597477747059020e+04,2.013254679037168899e+04,3.151766945721291449e+03,3.570460651733754639e+04,2.656513767232007694e+02
1.925783100329018998e+04,2.264174284623443964e+04,8.390169819161728810e+02,9.504754544541798168e+03,8.746743120734525974e+02
1.930181065223128462e+04,2.208664656516646573e+04,3.156982881443920178e+03,3.576369493846874684e+04,5.806333818675484508e+02
2.186753746200029127e+04,2.530647480182407162e+04,1.622078692963430058e+03,1.837562309327483308e+04,4.616276225593978779e+02
2.211609640109209795e+04,2.448699011760155918e+04,1.164748095528745580e+03,1.319478031176409240e+04,3.603764317083744118e+02
2.184301042800478535e+04,2.511831316095391230e+04,2.247026751580425753e+03,2.545531042770346539e+04,1.054433199057313686e+03
2.911930400601033762e+04,3.356962217739356856e+04,2.121249374418368006e+03,2.403044880636734524e+04,3.692043532100102539e+02
3.214829415008912474e+04,3.830541400471655652e+04,1.444858352062370386e+03,1.636799288212269857e+04,1.137304393425903299e+03
2.192184235021981294e+04,2.450246152129410621e+04,3.274616179035419918e+03,3.709629683327038947e+04,1.914363636142753649e+03
2.427915594778384548e+04,2.691458167107429472e+04,5.153080334473559560e+03,5.837636756245066499e+04,2.395544932193260195e+02
1.863766159635498116e+04,2.129608822329044415e+04,1.432211808222646368e+03,1.622472725386468483e+04,2.284085387708157953e+02
1.975099131701032093e+04,2.301315301582435495e+04,6.470246827247522106e+02,7.329781072504248186e+03,2.737391790613447711e+02
2.317657163786371530e+04,2.599462280992514570e+04,1.192501937934188845e+03,1.350918808349855135e+04,7.567628095533750638e+02
2.694712806241335056e+04,3.181254283872808810e+04,2.629298848418492980e+03,2.978585739872551130e+04,5.068631297446103758e+02
2.246710609487920738e+04,2.628700366520362877e+04,2.564148774071884418e+03,2.904780861238398211e+04,2.493490062677458354e+02
2.797061871181813694e+04,3.195412951476886883e+04,2.108789457325257445e+03,2.388929736823448911e+04,2.959791845741539760e+02
2.325210690125287147e+04,2.698446080295073625e+04,1.011731339393533972e+03,1.146133898743520695e+04,1.782873968253599060e+02
1.737880064732171377e+04,2.001925945725342171e+04,3.532179583399463922e+02,4.001408871460491355e+03,1.827582010804410857e+03
2.658492375995196198e+04,3.046456019882059263e+04,5.083351479867603302e+03,5.758644833317829034e+04,8.130610525823290118e+02
2.724860517494430678e+04,3.163841004997973505e+04,4.769802883392463627e+03,5.403443149500236905e+04,1.823329306904309703e+02
2.516343258575756045e+04,2.827287570836875966e+04,1.741271051805943671e+03,1.972588672178411798e+04,9.860793958847311842e+02
2.047926742539331099e+04,2.388630840038897077e+04,2.849724513444371951e+03,3.228293658370641060e+04,2.294701469978988371e+02
2.722846533087834541e+04,3.187313403055122035e+04,1.181551547501738241e+03,1.338513722937919920e+04,4.107683660875825353e+02
2.371517943604086759e+04,2.755382008856177708e+04,2.028743409774268457e+03,2.298250042534628665e+04,4.187828161599502437e+02
2.010676840904182245e+04,2.274633509696534747e+04,2.739236683631605956e+03,3.103128170047501044e+04,5.283096036385079515e+02
2.063067939905620733e+04,2.394851252125685642e+04,1.663048225771436137e+03,1.883974403663799967e+04,1.926494603966973500e+02
2.482886044790255255e+04,2.951338173331175858e+04,9.358454982352017169e+02,1.060167069804163293e+04,2.606424032754516134e+02
2.972204211938179651e+04,3.513983656318698922e+04,1.631245506487466400e+03,1.847946880126344331e+04,8.060853603874279543e+02
2.235308782180564958e+04,2.527455972158296936e+04,4.336472365097602960e+03,4.912547219879681506e+04,1.639150391550954510e+03
2.055984491811699263e+04,2.438563856644398766e+04,3.941584304166899983e+03,4.465200602038351644e+04,1.555332315594191641e+02
2.116676804196147714e+04,2.440006170388255850e+04,5.501947756660184723e+02,6.232849164091443527e+03,8.850131397627033039e+02
2.455605785803170147e+04,2.742719505080996169e+04,3.121940020634988741e+03,3.536671395035245223e+04,5.066808946103773792e+02
2.138402240125421667e+04,2.453908858166715072e+04,1.522113105814805522e+03,1.724316881734504204e+04,3.043900998043219488e+02
2.833059664441931091e+04,3.156622034707960484e+04,1.112548552633550116e+03,1.260344085946480300e+04,4.083282682336138123e+02
1.888103383221419790e+04,2.151267231377140342e+04,1.985117086905602719e+03,2.248828219200303283e+04,2.728248560095431117e+02
2.499672274106915938e+04,2.803485514822386904e+04,1.174495180442428364e+03,1.330519959006973477e+04,3.996657749547242702e+02
2.774029041164528462e+04,3.141353379604360453e+04,1.773422648668690272e+03,2.009011419629547163e+04,7.826226988678839689e+02
2.369705076349862793e+04,2.617354893995386738e+04,4.445069975493262973e+03,5.035571384250844858e+04,1.636121642149970512e+02
3.047875209026403900e+04,3.476008428756635112e+04,1.239367048137077290e+03,1.404009672871338807e+04,6.134745329389982089e+02
1.974233844570410292e+04,2.309935441952452675e+04,2.208574421713779884e+03,2.501970546984727480e+04,8.548437130208865256e+02
2.155962822515618973e+04,2.410340069604264863e+04,2.633530995710900697e+03,2.983380103047276498e+04,2.324938976988289028e+02
2.780208206702072493e+04,3.154030719310867426e+04,1.074599196265879073e+03,1.217353380731636935e+04,6.928160334575086381e+02
2.400537225105596372e+04,2.776550845942127489e+04,4.287890848837387239e+03,4.857511934848805686e+04,2.957577640815108566e+02
1.875831015393338748e+04,2.168105843058753817e+04,8.828986638301453240e+02,1.000186559781442156e+04,1.813383001805557910e+02
2.347174278151278850e+04,2.619972466554304265e+04,1.292950789943920199e+03,1.464711699699090059e+04,6.525791774285444262e+02
1.997221272473708814e+04,2.265963188403025924e+04,1.408457190874473326e+03,1.595562446803280363e+04,2.056395681096292947e+02
2.025919028178271765e+04,2.368871221484872149e+04,7.755207231838614916e+02,8.785440911140707613e+03,2.838001090997269102e+02
2.275353654748391637e+04,2.602760943306599802e+04,1.357714209053903232e+03,1.538078558222005813e+04,4.711956110560356592e+02
3.015251598799850035e+04,3.390165483002653491e+04,1.621905522513601227e+03,1.837366134201655586e+04,2.578095911586818829e+02
3.102707677682134818e+04,3.490191245313914987e+04,1.652899539216123458e+03,1.872477523774975998e+04,3.690566783642516953e+02
1.956756229085851373e+04,2.225548289854002360e+04,2.080740721380109790e+03,2.357154891237554330e+04,2.248442428205332249e+02
2.510952323525997417e+04,2.801033449657038727e+04,1.216768795652132667e+03,1.378409375423909842e+04,2.400673750802772304e+02
2.143531627111357739e+04,2.435877237242153205e+04,1.328216518804168572e+03,1.504662273272166203e+04,2.228863918933165280e+02
2.195648696618582835e+04,2.489424221241905616e+04,1.856255153901997573e+03,2.102847736119112596e+04,3.268834244283586941e+02
2.255260035985212016e+04,2.535163580178879056e+04,2.801025198713772625e+03,3.173124926035258977e+04,2.001841671603839927e+02
1.954356322413692396e+04,2.209451044193667622e+04,2.174831154484260423e+03,2.463744685117785048e+04,4.813881619125584166e+02
2.884556164879621065e+04,3.307306249557753472e+04,2.292555562117736827e+03,2.597108088073265753e+04,1.932153749786086223e+02
2.623737277772335074e+04,2.958108001344798686e+04,5.772416750177739004e+02,6.539248373011206240e+03,3.617329984410499151e+02
2.053738381007872886e+04,2.397288084683575289e+04,2.675142968900128835e+03,3.030519982191842428e+04,1.205967508684350832e+03
2.252453206570509064e+04,2.569540398120146347e+04,4.960017795268037844e+03,5.618926993934463098e+04,2.158650539011161698e+02
2.781433908661062742e+04,3.231083163771859836e+04,1.094158567107190265e+03,1.239511098978024529e+04,1.693589173188111943e+02
1.918327446718766805e+04,2.264965782888575632e+04,1.746349873814080411e+03,1.978342185826312925e+04,2.800410348612703615e+02
2.158517465973085564e+04,2.553598197280920067e+04,1.210315767591876693e+03,1.371099100530343821e+04,7.906518780858486934e+02
1.999051043053665853e+04,2.309370314641166988e+04,4.535706412408013421e+03,5.138248338857780618e+04,7.488841772455655246e+02
2.477651703709854701e+04,2.915572604920835147e+04,2.312936506153940172e+03,2.620196520682548726e+04,2.584584736877732212e+02
3.041092955479424563e+04,3.610274095655424753e+04,1.336026071351235714e+03,1.513509278954107322e+04,1.875255046033714734e+02
3.342697297108560451e+04,3.761643501287110848e+04,1.957649361971660710e+03,2.217711568522046582e+04,3.534065576516499050e+02
2.366140355018359332e+04,2.753308981956329080e+04,2.952813556234319094e+03,3.345077474320639158e+04,2.655253409679635865e+02
