3.000000000000000000e+00,0.000000000000000000e+00,8.811443463215269389e+00,5.719646734571505853e+00,-3.091796728643763537e+00,5.719646734571505853e+00,1.140427490471719318e+00,4.368206955040908390e+00,4.443236508174360111e+00,0.000000000000000000e+00,0.000000000000000000e+00,2.000000000000000000e+00,3.715332798117419344e+00,3.096110665097849157e+00,0.000000000000000000e+00
3.000000000000000000e+00,5.719646734571505853e+00,8.811443463215269389e+00,5.976490033952419623e+00,-8.554600163834354731e+00,2.568432993809146581e-01,2.901383627916875874e-01,2.184103477520454195e+00,6.627339985694814750e+00,0.000000000000000000e+00,0.000000000000000000e+00,2.000000000000000000e+00,3.715332798117419344e+00,3.096110665097849157e+00,0.000000000000000000e+00
3.000000000000000000e+00,5.976490033952419623e+00,8.811443463215269389e+00,7.534823367285754081e+00,-7.253110129881934931e+00,1.558333333333334458e+00,2.443480813094234261e-01,2.184103477520454195e+00,6.627339985694814750e+00,0.000000000000000000e+00,0.000000000000000000e+00,2.000000000000000000e+00,3.715332798117419344e+00,3.096110665097849157e+00,0.000000000000000000e+00
3.000000000000000000e+00,7.534823367285754081e+00,8.811443463215269389e+00,6.233333333333334281e+00,-1.011293349716768830e+01,-1.301490033952418912e+00,0.000000000000000000e+00,0.000000000000000000e+00,8.811443463215269389e+00,0.000000000000000000e+00,0.000000000000000000e+00,2.000000000000000000e+00,3.715332798117419344e+00,3.096110665097849157e+00,0.000000000000000000e+00
3.000000000000000000e+00,6.233333333333334281e+00,8.811443463215269389e+00,6.233333333333334281e+00,-8.811443463215269389e+00,0.000000000000000000e+00,0.000000000000000000e+00,0.000000000000000000e+00,8.811443463215269389e+00,0.000000000000000000e+00,0.000000000000000000e+00,2.000000000000000000e+00,3.715332798117419344e+00,3.096110665097849157e+00,0.000000000000000000e+00
3.000000000000000000e+00,6.233333333333334281e+00,8.811443463215269389e+00,6.233333333333334281e+00,-8.811443463215269389e+00,0.000000000000000000e+00,0.000000000000000000e+00,0.000000000000000000e+00,8.811443463215269389e+00,0.000000000000000000e+00,0.000000000000000000e+00,2.000000000000000000e+00,3.715332798117419344e+00,3.096110665097849157e+00,0.000000000000000000e+00
3.000000000000000000e+00,6.233333333333334281e+00,8.811443463215269389e+00,6.233333333333334281e+00,-8.811443463215269389e+00,0.000000000000000000e+00,0.000000000000000000e+00,0.000000000000000000e+00,8.811443463215269389e+00,0.000000000000000000e+00,0.000000000000000000e+00,2.000000000000000000e+00,3.715332798117419344e+00,3.096110665097849157e+00,0.000000000000000000e+00
3.000000000000000000e+00,6.233333333333334281e+00,8.811443463215269389e+00,6.233333333333334281e+00,-8.811443463215269389e+00,0.000000000000000000e+00,0.000000000000000000e+00,0.000000000000000000e+00,8.811443463215269389e+00,0.000000000000000000e+00,0.000000000000000000e+00,6.000000000000000000e+00,3.715332798117419344e+00,3.096110665097849157e+00,0.000000000000000000e+00
3.000000000000000000e+00,6.233333333333334281e+00,9.715332798117419344e+00,6.233333333333334281e+00,-9.715332798117419344e+00,0.000000000000000000e+00,0.000000000000000000e+00,0.000000000000000000e+00,9.715332798117419344e+00,0.000000000000000000e+00,0.000000000000000000e+00,6.000000000000000000e+00,3.689531875908270475e+00,0.000000000000000000e+00,0.000000000000000000e+00
3.000000000000000000e+00,6.233333333333334281e+00,1.316175409813049413e+01,6.233333333333334281e+00,-1.316175409813049413e+01,0.000000000000000000e+00,0.000000000000000000e+00,0.000000000000000000e+00,1.316175409813049413e+01,0.000000000000000000e+00,0.000000000000000000e+00,6.000000000000000000e+00,4.166666666666666963e+00,3.472222222222222321e+00,0.000000000000000000e+00
3.000000000000000000e+00,6.233333333333334281e+00,1.363888888888888928e+01,6.233333333333334281e+00,-1.363888888888888928e+01,0.000000000000000000e+00,0.000000000000000000e+00,0.000000000000000000e+00,1.363888888888888928e+01,0.000000000000000000e+00,0.000000000000000000e+00,6.000000000000000000e+00,4.166666666666666963e+00,3.472222222222222321e+00,0.000000000000000000e+00
3.000000000000000000e+00,6.233333333333334281e+00,1.363888888888888928e+01,1.759492998944927322e+01,-2.277292232772950342e+00,1.136159665611593894e+01,2.806278915888017700e+00,9.502504553734063109e+00,4.136384335154827063e+00,0.000000000000000000e+00,0.000000000000000000e+00,6.000000000000000000e+00,4.166666666666666963e+00,3.472222222222222321e+00,0.000000000000000000e+00
3.000000000000000000e+00,1.759492998944927322e+01,1.363888888888888928e+01,1.856963866244637629e+01,-1.266418021589178622e+01,9.747086729971030650e-01,9.566139971409948206e-01,3.801001821493624977e+00,9.837887067395264751e+00,0.000000000000000000e+00,0.000000000000000000e+00,6.000000000000000000e+00,4.166666666666666963e+00,3.472222222222222321e+00,0.000000000000000000e+00
3.000000000000000000e+00,1.856963866244637629e+01,1.363888888888888928e+01,1.714166666666666927e+01,-1.506686088466859630e+01,-1.427971995779707015e+00,0.000000000000000000e+00,0.000000000000000000e+00,1.363888888888888928e+01,0.000000000000000000e+00,0.000000000000000000e+00,6.000000000000000000e+00,4.166666666666666963e+00,3.472222222222222321e+00,0.000000000000000000e+00
3.000000000000000000e+00,1.714166666666666927e+01,1.016666666666666785e+01,2.337500000000000355e+01,-3.933333333333333570e+00,6.233333333333334281e+00,2.115741389920995363e+00,5.666666666666666963e+00,4.500000000000000000e+00,0.000000000000000000e+00,0.000000000000000000e+00,9.000000000000000000e+00,4.137731481481481843e+00,0.000000000000000000e+00,0.000000000000000000e+00
3.000000000000000000e+00,2.337500000000000355e+01,1.313773148148148096e+01,2.337500000000000355e+01,-1.313773148148148096e+01,0.000000000000000000e+00,0.000000000000000000e+00,0.000000000000000000e+00,1.313773148148148096e+01,0.000000000000000000e+00,0.000000000000000000e+00,9.000000000000000000e+00,4.108997235082305188e+00,0.000000000000000000e+00,0.000000000000000000e+00
3.000000000000000000e+00,2.337500000000000355e+01,1.310899723508230608e+01,3.584166666666667567e+01,-6.423305684156339623e-01,1.246666666666667211e+01,4.200957627606733524e+00,1.133333333333333393e+01,1.775663901748971263e+00,0.000000000000000000e+00,0.000000000000000000e+00,9.000000000000000000e+00,4.080462532060900038e+00,0.000000000000000000e+00,0.000000000000000000e+00
3.000000000000000000e+00,3.584166666666667567e+01,1.308046253206089915e+01,4.207500000000000284e+01,-6.847129198727571975e+00,6.233333333333327175e+00,1.857707161071606716e+00,5.666666666666666963e+00,7.413795865394233076e+00,0.000000000000000000e+00,0.000000000000000000e+00,9.000000000000000000e+00,4.052125986699365967e+00,0.000000000000000000e+00,0.000000000000000000e+00
3.000000000000000000e+00,4.207500000000000284e+01,1.305212598669936597e+01,5.298333333333333428e+01,-2.143792653366034529e+00,1.090833333333333144e+01,3.875173701625879374e+00,9.916666666666666075e+00,3.135459320032699004e+00,0.000000000000000000e+00,0.000000000000000000e+00,9.000000000000000000e+00,4.023986222902842691e+00,0.000000000000000000e+00,0.000000000000000000e+00
3.000000000000000000e+00,5.298333333333333428e+01,1.302398622290284180e+01,5.298333333333333428e+01,-1.302398622290284180e+01,0.000000000000000000e+00,0.000000000000000000e+00,0.000000000000000000e+00,1.302398622290284180e+01,0.000000000000000000e+00,0.000000000000000000e+00,9.000000000000000000e+00,3.996041874132684413e+00,0.000000000000000000e+00,0.000000000000000000e+00
3.000000000000000000e+00,5.298333333333333428e+01,1.299604187413268441e+01,5.610000000000000142e+01,-9.879375207466019049e+00,3.116666666666665364e+00,6.008352488735291264e-01,2.833333333333333481e+00,1.016270854079935049e+01,0.000000000000000000e+00,0.000000000000000000e+00,9.000000000000000000e+00,3.968291583340096906e+00,0.000000000000000000e+00,0.000000000000000000e+00
3.000000000000000000e+00,5.610000000000000142e+01,1.296829158334009691e+01,5.610000000000000142e+01,-1.296829158334009691e+01,0.000000000000000000e+00,0.000000000000000000e+00,0.000000000000000000e+00,1.296829158334009691e+01,0.000000000000000000e+00,0.000000000000000000e+00,9.000000000000000000e+00,3.940734002900235122e+00,0.000000000000000000e+00,0.000000000000000000e+00
3.000000000000000000e+00,5.610000000000000142e+01,1.294073400290023557e+01,5.610000000000000142e+01,-1.294073400290023557e+01,0.000000000000000000e+00,0.000000000000000000e+00,0.000000000000000000e+00,1.294073400290023557e+01,0.000000000000000000e+00,0.000000000000000000e+00,9.000000000000000000e+00,3.913367794546761314e+00,0.000000000000000000e+00,0.000000000000000000e+00
3.000000000000000000e+00,5.610000000000000142e+01,1.617450762333572811e+01,5.610000000000000142e+01,-1.617450762333572811e+01,0.000000000000000000e+00,0.000000000000000000e+00,0.000000000000000000e+00,1.617450762333572811e+01,0.000000000000000000e+00,0.000000000000000000e+00,9.000000000000000000e+00,3.913367794546761314e+00,3.261139828788967687e+00,0.000000000000000000e+00
3.000000000000000000e+00,5.610000000000000142e+01,1.617450762333572811e+01,5.610000000000000142e+01,-1.617450762333572811e+01,0.000000000000000000e+00,0.000000000000000000e+00,0.000000000000000000e+00,1.617450762333572811e+01,0.000000000000000000e+00,0.000000000000000000e+00,9.000000000000000000e+00,3.913367794546761314e+00,3.261139828788967687e+00,0.000000000000000000e+00
3.000000000000000000e+00,5.610000000000000142e+01,1.617450762333572811e+01,6.635629713520316386e+01,-5.918210488132565672e+00,1.025629713520316244e+01,2.781759246972490551e+00,8.872157195662783380e+00,7.302350427672946509e+00,0.000000000000000000e+00,0.000000000000000000e+00,9.000000000000000000e+00,3.913367794546761314e+00,3.261139828788967687e+00,0.000000000000000000e+00
3.000000000000000000e+00,6.635629713520316386e+01,1.291336779454675998e+01,6.545000000000000284e+01,-1.381966492974991922e+01,-9.062971352031592431e-01,4.485562757951100377e-01,1.416666666666666741e+00,1.149670112788009391e+01,0.000000000000000000e+00,0.000000000000000000e+00,9.000000000000000000e+00,3.886191629306853468e+00,0.000000000000000000e+00,0.000000000000000000e+00
3.000000000000000000e+00,6.545000000000000284e+01,1.612468465372923276e+01,6.545000000000000284e+01,-1.612468465372923276e+01,0.000000000000000000e+00,0.000000000000000000e+00,0.000000000000000000e+00,1.612468465372923276e+01,0.000000000000000000e+00,0.000000000000000000e+00,9.000000000000000000e+00,3.886191629306853468e+00,3.238493024422377520e+00,0.000000000000000000e+00
3.000000000000000000e+00,6.545000000000000284e+01,1.612468465372923276e+01,8.183711173073680811e+01,2.624270770075725068e-01,1.638711173073680527e+01,4.556138688242282520e+00,1.418156980220446073e+01,1.943114851524771591e+00,0.000000000000000000e+00,0.000000000000000000e+00,9.000000000000000000e+00,3.886191629306853468e+00,3.238493024422377520e+00,0.000000000000000000e+00
3.000000000000000000e+00,8.183711173073680811e+01,1.612468465372922921e+01,9.225538943106138845e+01,-5.706406953404652427e+00,1.041827770032457678e+01,3.860728112877009011e+00,1.240887357692890092e+01,3.715811076800329182e+00,0.000000000000000000e+00,0.000000000000000000e+00,9.000000000000000000e+00,3.886191629306853468e+00,3.238493024422377520e+00,0.000000000000000000e+00
3.000000000000000000e+00,9.225538943106138845e+01,1.288619162930685391e+01,1.028500000000000085e+02,-2.291581060368230283e+00,1.059461056893862363e+01,5.219508248171898401e+00,1.275000000000000000e+01,1.361916293068532180e-01,0.000000000000000000e+00,0.000000000000000000e+00,9.000000000000000000e+00,3.859204187436667155e+00,0.000000000000000000e+00,0.000000000000000000e+00
3.000000000000000000e+00,1.028500000000000085e+02,1.285920418743666715e+01,1.168750000000000142e+02,1.165795812563331424e+00,1.402499999999999858e+01,5.386178756806342172e+00,1.275000000000000000e+01,1.092041874366666970e-01,0.000000000000000000e+00,0.000000000000000000e+00,9.000000000000000000e+00,3.832404158357245905e+00,0.000000000000000000e+00,0.000000000000000000e+00
3.000000000000000000e+00,1.168750000000000142e+02,1.283240415835724590e+01,1.215500000000000114e+02,-8.157404158357252300e+00,4.674999999999993605e+00,1.311838662031685754e+00,4.250000000000000000e+00,8.582404158357245905e+00,0.000000000000000000e+00,0.000000000000000000e+00,9.000000000000000000e+00,3.805790240590875673e+00,0.000000000000000000e+00,0.000000000000000000e+00
3.000000000000000000e+00,1.215500000000000114e+02,1.597728210774993940e+01,1.215500000000000114e+02,-1.597728210774994295e+01,-3.552713678800500929e-15,0.000000000000000000e+00,0.000000000000000000e+00,1.597728210774993940e+01,0.000000000000000000e+00,0.000000000000000000e+00,9.000000000000000000e+00,3.805790240590875673e+00,3.171491867159063283e+00,0.000000000000000000e+00
3.000000000000000000e+00,1.215500000000000114e+02,1.280579024059087523e+01,1.262250000000000085e+02,-8.130790240590883400e+00,4.674999999999991829e+00,1.340301428700189090e+00,4.250000000000000000e+00,8.555790240590875229e+00,0.000000000000000000e+00,0.000000000000000000e+00,9.000000000000000000e+00,3.779361141697883841e+00,0.000000000000000000e+00,0.000000000000000000e+00
3.000000000000000000e+00,1.262250000000000085e+02,1.277936114169788340e+01,1.355750000000000171e+02,-3.429361141697867765e+00,9.350000000000015632e+00,3.229098443220200565e+00,8.500000000000000000e+00,4.279361141697884285e+00,0.000000000000000000e+00,0.000000000000000000e+00,9.000000000000000000e+00,3.753115578213871206e+00,0.000000000000000000e+00,0.000000000000000000e+00
3.000000000000000000e+00,1.355750000000000171e+02,1.275311557821387076e+01,1.449250000000000114e+02,-3.403115578213885328e+00,9.349999999999985434e+00,3.520399617469395004e+00,8.500000000000000000e+00,4.253115578213870762e+00,0.000000000000000000e+00,0.000000000000000000e+00,9.000000000000000000e+00,3.727052275587386276e+00,0.000000000000000000e+00,0.000000000000000000e+00
3.000000000000000000e+00,1.449250000000000114e+02,1.272705227558738628e+01,1.542750000000000057e+02,-3.377052275587402619e+00,9.349999999999983658e+00,3.212553969011331390e+00,8.500000000000000000e+00,4.227052275587386276e+00,0.000000000000000000e+00,0.000000000000000000e+00,9.000000000000000000e+00,3.701169968118029896e+00,0.000000000000000000e+00,0.000000000000000000e+00
3.000000000000000000e+00,1.542750000000000057e+02,1.270116996811803034e+01,1.542750000000000057e+02,-1.270116996811802323e+01,7.105427357601001859e-15,0.000000000000000000e+00,0.000000000000000000e+00,1.270116996811803034e+01,0.000000000000000000e+00,0.000000000000000000e+00,9.000000000000000000e+00,3.675467398894987525e+00,0.000000000000000000e+00,0.000000000000000000e+00
3.000000000000000000e+00,1.542750000000000057e+02,1.573835689797414439e+01,1.542750000000000057e+02,-1.573835689797414261e+01,1.776356839400250465e-15,0.000000000000000000e+00,0.000000000000000000e+00,1.573835689797414439e+01,0.000000000000000000e+00,0.000000000000000000e+00,9.000000000000000000e+00,3.675467398894987525e+00,3.062889499079156419e+00,0.000000000000000000e+00
3.000000000000000000e+00,1.542750000000000057e+02,1.267546739889498753e+01,1.651833333333333371e+02,-1.767134065561663192e+00,1.090833333333332433e+01,4.012868924591034059e+00,9.916666666666666075e+00,2.758800732228321007e+00,0.000000000000000000e+00,0.000000000000000000e+00,9.000000000000000000e+00,3.649943319735994951e+00,0.000000000000000000e+00,0.000000000000000000e+00
3.000000000000000000e+00,1.651833333333333371e+02,1.569156275284932534e+01,1.813682985781586297e+02,4.934024919759565364e-01,1.618496524482528187e+01,4.202854646843561248e+00,1.405838008155363816e+01,1.633182671295686506e+00,0.000000000000000000e+00,0.000000000000000000e+00,9.000000000000000000e+00,3.649943319735994951e+00,3.041619433113329052e+00,0.000000000000000000e+00
3.000000000000000000e+00,1.813682985781586297e+02,1.569156275284932356e+01,1.776500000000000057e+02,-1.940986133100795996e+01,-3.718298578158636403e+00,0.000000000000000000e+00,0.000000000000000000e+00,1.569156275284932356e+01,0.000000000000000000e+00,0.000000000000000000e+00,9.000000000000000000e+00,3.649943319735994951e+00,3.041619433113329052e+00,0.000000000000000000e+00
3.000000000000000000e+00,1.776500000000000057e+02,1.569156275284932356e+01,1.796731206556031566e+02,-1.366844209724618509e+01,2.023120655603138474e+00,1.675551180099643656e-01,1.757297510194204770e+00,1.393426524265511901e+01,0.000000000000000000e+00,0.000000000000000000e+00,9.000000000000000000e+00,3.649943319735994951e+00,3.041619433113329052e+00,0.000000000000000000e+00
3.000000000000000000e+00,1.796731206556031566e+02,1.569156275284932356e+01,1.852776953001428240e+02,-1.008698810830966863e+01,5.604574644539654926e+00,1.294836879219902759e+00,5.271892530582613645e+00,1.041967022226670991e+01,0.000000000000000000e+00,0.000000000000000000e+00,9.000000000000000000e+00,3.649943319735994951e+00,3.041619433113329052e+00,0.000000000000000000e+00
3.000000000000000000e+00,1.852776953001428240e+02,1.264994331973599451e+01,1.932333333333333485e+02,-4.694305286545471745e+00,7.955638033190522762e+00,3.329114887798867439e+00,8.500000000000000000e+00,4.149943319735994507e+00,0.000000000000000000e+00,0.000000000000000000e+00,9.000000000000000000e+00,3.624596491126717002e+00,0.000000000000000000e+00,0.000000000000000000e+00
3.000000000000000000e+00,1.932333333333333485e+02,1.262459649112671656e+01,1.932333333333333485e+02,-1.262459649112670945e+01,7.105427357601001859e-15,0.000000000000000000e+00,0.000000000000000000e+00,1.262459649112671656e+01,0.000000000000000000e+00,0.000000000000000000e+00,9.000000000000000000e+00,3.599425682160559692e+00,0.000000000000000000e+00,0.000000000000000000e+00
3.000000000000000000e+00,1.932333333333333485e+02,1.259942568216055925e+01,1.947916666666666572e+02,-1.104109234882724877e+01,1.558333333333310478e+00,2.783850750813066099e-01,1.416666666666666741e+00,1.118275901549389317e+01,0.000000000000000000e+00,0.000000000000000000e+00,9.000000000000000000e+00,3.574429670478889154e+00,0.000000000000000000e+00,0.000000000000000000e+00
3.000000000000000000e+00,1.947916666666666572e+02,1.257442967047888871e+01,2.010249999999999773e+02,-6.341096337145557982e+00,6.233333333333330728e+00,2.339129633419062770e+00,5.666666666666666963e+00,6.907763003812222635e+00,0.000000000000000000e+00,0.000000000000000000e+00,9.000000000000000000e+00,3.549607242211674674e+00,0.000000000000000000e+00,0.000000000000000000e+00
3.000000000000000000e+00,2.010249999999999773e+02,1.254960724221167467e+01,2.025833333333333144e+02,-1.099127390887832689e+01,1.558333333333347781e+00,7.101346965547872259e-02,1.416666666666666741e+00,1.113294057554500860e+01,0.000000000000000000e+00,0.000000000000000000e+00,5.000000000000000000e+00,3.524957191918538513e+00,0.000000000000000000e+00,0.000000000000000000e+00
3.000000000000000000e+00,2.025833333333333144e+02,8.524957191918538513e+00,2.025833333333333144e+02,-8.524957191918531407e+00,7.105427357601001859e-15,0.000000000000000000e+00,0.000000000000000000e+00,8.524957191918538513e+00,0.000000000000000000e+00,0.000000000000000000e+00,5.000000000000000000e+00,3.500478322530215181e+00,0.000000000000000000e+00,0.000000000000000000e+00
3.000000000000000000e+00,2.025833333333333144e+02,1.141754359130539420e+01,2.025833333333333144e+02,-1.141754359130538887e+01,5.329070518200751394e-15,0.000000000000000000e+00,0.000000000000000000e+00,1.141754359130539420e+01,0.000000000000000000e+00,0.000000000000000000e+00,5.000000000000000000e+00,3.500478322530215181e+00,2.917065268775179021e+00,0.000000000000000000e+00
3.000000000000000000e+00,2.025833333333333144e+02,1.141754359130539420e+01,2.025833333333333144e+02,-1.141754359130538887e+01,5.329070518200751394e-15,0.000000000000000000e+00,0.000000000000000000e+00,1.141754359130539420e+01,0.000000000000000000e+00,0.000000000000000000e+00,5.000000000000000000e+00,3.500478322530215181e+00,2.917065268775179021e+00,0.000000000000000000e+00
3.000000000000000000e+00,2.025833333333333144e+02,1.141754359130539420e+01,2.025833333333333144e+02,-1.141754359130538887e+01,5.329070518200751394e-15,0.000000000000000000e+00,0.000000000000000000e+00,1.141754359130539420e+01,0.000000000000000000e+00,0.000000000000000000e+00,5.000000000000000000e+00,3.500478322530215181e+00,2.917065268775179021e+00,0.000000000000000000e+00
3.000000000000000000e+00,2.025833333333333144e+02,1.141754359130539420e+01,2.025833333333333144e+02,-1.141754359130538887e+01,5.329070518200751394e-15,0.000000000000000000e+00,0.000000000000000000e+00,1.141754359130539420e+01,0.000000000000000000e+00,0.000000000000000000e+00,5.000000000000000000e+00,3.500478322530215181e+00,2.917065268775179021e+00,0.000000000000000000e+00
3.000000000000000000e+00,2.025833333333333144e+02,1.165325610030799197e+01,2.025833333333333144e+02,-1.165325610030799908e+01,-7.105427357601001859e-15,0.000000000000000000e+00,0.000000000000000000e+00,1.165325610030799197e+01,0.000000000000000000e+00,0.000000000000000000e+00,5.000000000000000000e+00,3.783333333333333659e+00,3.152777777777777679e+00,0.000000000000000000e+00
3.000000000000000000e+00,2.025833333333333144e+02,1.193611111111111001e+01,2.049018141193926681e+02,-9.617630325051749196e+00,2.318480786059360810e+00,1.144656728294379811e-01,1.925179211469534302e+00,1.001093189964157659e+01,0.000000000000000000e+00,0.000000000000000000e+00,1.000000000000000000e+01,3.783333333333333659e+00,3.152777777777777679e+00,0.000000000000000000e+00
3.000000000000000000e+00,2.049018141193926681e+02,1.693611111111111001e+01,2.041416666666666231e+02,-1.769625856383714790e+01,-7.601474527260378977e-01,0.000000000000000000e+00,0.000000000000000000e+00,1.693611111111111001e+01,0.000000000000000000e+00,0.000000000000000000e+00,1.000000000000000000e+01,3.783333333333333659e+00,3.152777777777777679e+00,0.000000000000000000e+00
3.000000000000000000e+00,2.041416666666666231e+02,1.693611111111111001e+01,2.201122105903563693e+02,-9.655671874213567207e-01,1.597054392368975329e+01,4.559233744839547242e+00,1.392570200188096230e+01,3.010409109230149483e+00,0.000000000000000000e+00,0.000000000000000000e+00,1.000000000000000000e+01,3.783333333333333659e+00,3.152777777777777679e+00,0.000000000000000000e+00
3.000000000000000000e+00,2.201122105903563693e+02,1.693611111111111001e+01,2.166083333333333201e+02,-2.043998836813415210e+01,-3.503877257023042091e+00,0.000000000000000000e+00,0.000000000000000000e+00,1.693611111111111001e+01,0.000000000000000000e+00,0.000000000000000000e+00,1.000000000000000000e+01,3.783333333333333659e+00,3.152777777777777679e+00,0.000000000000000000e+00
3.000000000000000000e+00,2.166083333333333201e+02,1.693611111111111001e+01,2.166083333333333201e+02,-1.693611111111110290e+01,7.105427357601001859e-15,0.000000000000000000e+00,0.000000000000000000e+00,1.693611111111111001e+01,0.000000000000000000e+00,0.000000000000000000e+00,1.000000000000000000e+01,3.783333333333333659e+00,3.152777777777777679e+00,0.000000000000000000e+00
3.000000000000000000e+00,2.166083333333333201e+02,1.693611111111111001e+01,2.166083333333333201e+02,-1.693611111111110290e+01,7.105427357601001859e-15,0.000000000000000000e+00,0.000000000000000000e+00,1.693611111111111001e+01,0.000000000000000000e+00,0.000000000000000000e+00,1.000000000000000000e+01,3.783333333333333659e+00,3.152777777777777679e+00,0.000000000000000000e+00
3.000000000000000000e+00,2.166083333333333201e+02,1.725555555555555642e+01,2.166083333333333201e+02,-1.725555555555555998e+01,-3.552713678800500929e-15,0.000000000000000000e+00,0.000000000000000000e+00,1.725555555555555642e+01,0.000000000000000000e+00,0.000000000000000000e+00,1.000000000000000000e+01,4.166666666666666963e+00,3.472222222222222321e+00,0.000000000000000000e+00
3.000000000000000000e+00,2.166083333333333201e+02,1.763888888888888928e+01,2.206761165577341899e+02,-1.357110566448801592e+01,4.067783224400873365e+00,1.133011766819218558e+00,3.527777777777777679e+00,1.411111111111111072e+01,0.000000000000000000e+00,0.000000000000000000e+00,1.000000000000000000e+01,4.166666666666666963e+00,3.472222222222222321e+00,0.000000000000000000e+00
3.000000000000000000e+00,2.206761165577341899e+02,1.763888888888888928e+01,2.197249999999999943e+02,-1.859000544662308130e+01,-9.511165577341920141e-01,0.000000000000000000e+00,0.000000000000000000e+00,1.763888888888888928e+01,0.000000000000000000e+00,0.000000000000000000e+00,1.000000000000000000e+01,4.166666666666666963e+00,3.472222222222222321e+00,0.000000000000000000e+00
3.000000000000000000e+00,2.197249999999999943e+02,1.763888888888888928e+01,2.339622412854030244e+02,-3.401647603485855598e+00,1.423724128540303369e+01,3.730833077223001393e+00,1.234722222222222143e+01,5.291666666666666963e+00,0.000000000000000000e+00,0.000000000000000000e+00,1.000000000000000000e+01,4.166666666666666963e+00,3.472222222222222321e+00,0.000000000000000000e+00
3.000000000000000000e+00,2.339622412854030244e+02,1.763888888888888928e+01,2.306333333333332973e+02,-2.096779684095861285e+01,-3.328907952069723564e+00,0.000000000000000000e+00,0.000000000000000000e+00,1.763888888888888928e+01,0.000000000000000000e+00,0.000000000000000000e+00,1.000000000000000000e+01,4.166666666666666963e+00,3.472222222222222321e+00,0.000000000000000000e+00
3.000000000000000000e+00,2.306333333333332973e+02,1.795138888888888928e+01,2.306333333333332973e+02,-1.795138888888888573e+01,3.552713678800500929e-15,0.000000000000000000e+00,0.000000000000000000e+00,1.795138888888888928e+01,0.000000000000000000e+00,0.000000000000000000e+00,1.000000000000000000e+01,4.541666666666666963e+00,3.784722222222222321e+00,0.000000000000000000e+00
3.000000000000000000e+00,2.306333333333332973e+02,1.832638888888888928e+01,2.306333333333332973e+02,-1.832638888888888573e+01,3.552713678800500929e-15,0.000000000000000000e+00,0.000000000000000000e+00,1.832638888888888928e+01,0.000000000000000000e+00,0.000000000000000000e+00,1.000000000000000000e+01,4.541666666666666963e+00,3.784722222222222321e+00,0.000000000000000000e+00
3.000000000000000000e+00,2.306333333333332973e+02,1.832638888888889284e+01,2.409807178288233729e+02,-7.979004393398810180e+00,1.034738449549008266e+01,2.965775173141170562e+00,8.926894301177970448e+00,9.399494587710920612e+00,0.000000000000000000e+00,0.000000000000000000e+00,1.000000000000000000e+01,4.541666666666666963e+00,3.784722222222222321e+00,0.000000000000000000e+00
3.000000000000000000e+00,2.409807178288233729e+02,1.832638888888888928e+01,2.425639537981959961e+02,-1.674315291951626250e+01,1.583235969372626784e+00,8.474123283904722026e-01,3.570757720471187557e+00,1.475563116841770217e+01,0.000000000000000000e+00,0.000000000000000000e+00,1.000000000000000000e+01,4.541666666666666963e+00,3.784722222222222321e+00,0.000000000000000000e+00
3.000000000000000000e+00,2.425639537981959961e+02,1.454166666666666607e+01,2.462166666666666686e+02,-1.088895379819598475e+01,3.652712868470681329e+00,1.715563089543629127e+00,4.250000000000000000e+00,1.029166666666666607e+01,0.000000000000000000e+00,0.000000000000000000e+00,1.000000000000000000e+01,4.510127314814815769e+00,0.000000000000000000e+00,0.000000000000000000e+00
3.000000000000000000e+00,2.462166666666666686e+02,1.451012731481481488e+01,2.555666666666666629e+02,-5.160127314814815236e+00,9.349999999999999645e+00,3.502155714620618365e+00,8.500000000000000000e+00,6.010127314814814881e+00,0.000000000000000000e+00,0.000000000000000000e+00,1.000000000000000000e+01,4.478806986239712629e+00,0.000000000000000000e+00,0.000000000000000000e+00
3.000000000000000000e+00,2.555666666666666629e+02,1.447880698623971440e+01,2.618000000000000114e+02,-8.245473652906355255e+00,6.233333333333359150e+00,2.024591387579804724e+00,5.666666666666666963e+00,8.812140319573046554e+00,0.000000000000000000e+00,0.000000000000000000e+00,1.000000000000000000e+01,4.447704159946381353e+00,0.000000000000000000e+00,0.000000000000000000e+00
3.000000000000000000e+00,2.618000000000000114e+02,1.444770415994638313e+01,2.773833333333333258e+02,1.135629173386917046e+00,1.558333333333330017e+01,5.853387574403747351e+00,1.416666666666666785e+01,2.810374932797145564e-01,0.000000000000000000e+00,0.000000000000000000e+00,1.000000000000000000e+01,4.416817325502310432e+00,0.000000000000000000e+00,0.000000000000000000e+00
3.000000000000000000e+00,2.773833333333333258e+02,1.441681732550231132e+01,2.773833333333333258e+02,-1.441681732550233619e+01,-2.486899575160350651e-14,0.000000000000000000e+00,0.000000000000000000e+00,1.441681732550231132e+01,0.000000000000000000e+00,0.000000000000000000e+00,1.000000000000000000e+01,4.386144982964100159e+00,0.000000000000000000e+00,0.000000000000000000e+00
3.000000000000000000e+00,2.773833333333333258e+02,1.438614498296410105e+01,2.898499999999999659e+02,-1.919478316297443143e+00,1.246666666666665790e+01,4.206025128452028916e+00,1.133333333333333393e+01,3.052811649630766233e+00,0.000000000000000000e+00,0.000000000000000000e+00,1.000000000000000000e+01,4.355685642804626667e+00,0.000000000000000000e+00,0.000000000000000000e+00
3.000000000000000000e+00,2.898499999999999659e+02,1.435568564280462667e+01,2.898499999999999659e+02,-1.435568564280464443e+01,-1.776356839400250465e-14,0.000000000000000000e+00,0.000000000000000000e+00,1.435568564280462667e+01,0.000000000000000000e+00,0.000000000000000000e+00,1.000000000000000000e+01,4.325437825840706019e+00,0.000000000000000000e+00,0.000000000000000000e+00
3.000000000000000000e+00,2.898499999999999659e+02,1.432543782584070513e+01,2.960833333333333144e+02,-8.092104492507360192e+00,6.233333333333344939e+00,2.249168340893069384e+00,5.666666666666666963e+00,8.658771159174039056e+00,0.000000000000000000e+00,0.000000000000000000e+00,1.000000000000000000e+01,4.295400063161257442e+00,0.000000000000000000e+00,0.000000000000000000e+00
3.000000000000000000e+00,2.960833333333333144e+02,1.787490011579563642e+01,2.960833333333333144e+02,-1.787490011579563998e+01,-3.552713678800500929e-15,0.000000000000000000e+00,0.000000000000000000e+00,1.787490011579563642e+01,0.000000000000000000e+00,0.000000000000000000e+00,1.000000000000000000e+01,4.295400063161257442e+00,3.579500052634380758e+00,0.000000000000000000e+00
3.000000000000000000e+00,2.960833333333333144e+02,1.787490011579563642e+01,2.960833333333333144e+02,-1.787490011579563998e+01,-3.552713678800500929e-15,0.000000000000000000e+00,0.000000000000000000e+00,1.787490011579563642e+01,0.000000000000000000e+00,0.000000000000000000e+00,1.000000000000000000e+01,4.295400063161257442e+00,3.579500052634380758e+00,0.000000000000000000e+00
3.000000000000000000e+00,2.960833333333333144e+02,1.787490011579563642e+01,2.960833333333333144e+02,-1.787490011579563998e+01,-3.552713678800500929e-15,0.000000000000000000e+00,0.000000000000000000e+00,1.787490011579563642e+01,0.000000000000000000e+00,0.000000000000000000e+00,1.000000000000000000e+01,4.295400063161257442e+00,3.579500052634380758e+00,0.000000000000000000e+00
3.000000000000000000e+00,2.960833333333333144e+02,1.429540006316125655e+01,2.976416666666666515e+02,-1.273706672982791588e+01,1.558333333333340676e+00,3.370436914378405202e-01,1.416666666666666741e+00,1.287873339649459048e+01,0.000000000000000000e+00,0.000000000000000000e+00,1.000000000000000000e+01,4.265570896055970174e+00,0.000000000000000000e+00,0.000000000000000000e+00
3.000000000000000000e+00,2.976416666666666515e+02,1.426557089605596929e+01,2.992000000000000455e+02,-1.270723756272258242e+01,1.558333333333386861e+00,7.699498054949294179e-02,1.416666666666666741e+00,1.284890422938930321e+01,0.000000000000000000e+00,0.000000000000000000e+00,1.000000000000000000e+01,4.235948875944470338e+00,0.000000000000000000e+00,0.000000000000000000e+00
3.000000000000000000e+00,2.992000000000000455e+02,1.423594887594446945e+01,2.992000000000000455e+02,-1.423594887594447300e+01,-3.552713678800500929e-15,0.000000000000000000e+00,0.000000000000000000e+00,1.423594887594446945e+01,0.000000000000000000e+00,0.000000000000000000e+00,9.000000000000000000e+00,4.206532564305967448e+00,0.000000000000000000e+00,0.000000000000000000e+00
3.000000000000000000e+00,2.992000000000000455e+02,1.320653256430596656e+01,3.054333333333333940e+02,-6.973199230972625173e+00,6.233333333333341386e+00,2.143718044366941022e+00,5.666666666666666963e+00,7.539865897639300485e+00,0.000000000000000000e+00,0.000000000000000000e+00,9.000000000000000000e+00,4.177320532609398285e+00,0.000000000000000000e+00,0.000000000000000000e+00
3.000000000000000000e+00,3.054333333333333940e+02,1.317732053260939828e+01,3.069916666666667311e+02,-1.161898719927603452e+01,1.558333333333363768e+00,5.225433806555634941e-01,1.416666666666666741e+00,1.176065386594273221e+01,0.000000000000000000e+00,0.000000000000000000e+00,9.000000000000000000e+00,4.148311362244055722e+00,0.000000000000000000e+00,0.000000000000000000e+00
3.000000000000000000e+00,3.069916666666667311e+02,1.314831136224405483e+01,3.069916666666667311e+02,-1.314831136224404418e+01,1.065814103640150279e-14,0.000000000000000000e+00,0.000000000000000000e+00,1.314831136224405483e+01,0.000000000000000000e+00,0.000000000000000000e+00,9.000000000000000000e+00,4.119503644450693614e+00,0.000000000000000000e+00,0.000000000000000000e+00
3.000000000000000000e+00,3.069916666666667311e+02,1.311950364445069361e+01,3.210166666666667084e+02,9.054963555493031890e-01,1.402499999999999680e+01,4.953015154975537016e+00,1.275000000000000000e+01,3.695036444506935580e-01,0.000000000000000000e+00,0.000000000000000000e+00,9.000000000000000000e+00,4.090895980253120179e+00,0.000000000000000000e+00,0.000000000000000000e+00
3.000000000000000000e+00,3.210166666666667084e+02,1.309089598025311929e+01,3.334833333333334053e+02,-6.242293135863974385e-01,1.246666666666672185e+01,4.674201555744765813e+00,1.133333333333333393e+01,1.757562646919786253e+00,0.000000000000000000e+00,0.000000000000000000e+00,9.000000000000000000e+00,4.062486980390251468e+00,0.000000000000000000e+00,0.000000000000000000e+00
3.000000000000000000e+00,3.334833333333334053e+02,1.306248698039025058e+01,3.443916666666667084e+02,-2.154153647056944010e+00,1.090833333333330657e+01,3.720796697313733858e+00,9.916666666666666075e+00,3.145820313723584505e+00,0.000000000000000000e+00,0.000000000000000000e+00,9.000000000000000000e+00,4.034275265248652431e+00,0.000000000000000000e+00,0.000000000000000000e+00
3.000000000000000000e+00,3.443916666666667084e+02,1.303427526524865243e+01,3.553000000000000682e+02,-2.125941931915292571e+00,1.090833333333335986e+01,4.003822605358184461e+00,9.916666666666666075e+00,3.117608598581985468e+00,0.000000000000000000e+00,0.000000000000000000e+00,8.000000000000000000e+00,4.006259464795536296e+00,0.000000000000000000e+00,0.000000000000000000e+00
3.000000000000000000e+00,3.553000000000000682e+02,1.534480901879181758e+01,3.553000000000000682e+02,-1.534480901879180692e+01,1.065814103640150279e-14,0.000000000000000000e+00,0.000000000000000000e+00,1.534480901879181758e+01,0.000000000000000000e+00,0.000000000000000000e+00,8.000000000000000000e+00,4.006259464795536296e+00,3.338549553996280395e+00,0.000000000000000000e+00
3.000000000000000000e+00,3.553000000000000682e+02,1.534480901879181580e+01,3.700850339718328428e+02,-5.597750469590323519e-01,1.478503397183278345e+01,3.899903547803935666e+00,1.267416854926433523e+01,2.670640469527481020e+00,0.000000000000000000e+00,0.000000000000000000e+00,8.000000000000000000e+00,4.006259464795536296e+00,3.338549553996280395e+00,0.000000000000000000e+00
3.000000000000000000e+00,3.700850339718328428e+02,1.534480901879181758e+01,3.662083333333334281e+02,-1.922150965729122163e+01,-3.876700638499404050e+00,0.000000000000000000e+00,0.000000000000000000e+00,1.534480901879181758e+01,0.000000000000000000e+00,0.000000000000000000e+00,8.000000000000000000e+00,4.006259464795536296e+00,3.338549553996280395e+00,0.000000000000000000e+00
3.000000000000000000e+00,3.662083333333334281e+02,1.534480901879181580e+01,3.788812195949043939e+02,-2.671922757220841049e+00,1.267288626157097475e+01,3.165746689035525918e+00,1.086357304222657305e+01,4.481235976565242751e+00,0.000000000000000000e+00,0.000000000000000000e+00,8.000000000000000000e+00,4.006259464795536296e+00,3.338549553996280395e+00,0.000000000000000000e+00
3.000000000000000000e+00,3.788812195949043939e+02,1.534480901879181758e+01,3.818947764641188769e+02,-1.233125214957732396e+01,3.013556869214493616e+00,1.539752232128386300e+00,5.431786521113286526e+00,9.913022497678531053e+00,0.000000000000000000e+00,0.000000000000000000e+00,8.000000000000000000e+00,4.006259464795536296e+00,3.338549553996280395e+00,0.000000000000000000e+00
3.000000000000000000e+00,3.818947764641188769e+02,1.534480901879181758e+01,3.802333333333334622e+02,-1.700625214957722164e+01,-1.661443130785404065e+00,0.000000000000000000e+00,0.000000000000000000e+00,1.534480901879181758e+01,0.000000000000000000e+00,0.000000000000000000e+00,8.000000000000000000e+00,4.006259464795536296e+00,3.338549553996280395e+00,0.000000000000000000e+00
3.000000000000000000e+00,3.802333333333334622e+02,1.534480901879181580e+01,3.929062195949043712e+02,-2.671922757220897893e+00,1.267288626157091791e+01,3.264965470628136135e+00,1.086357304222657305e+01,4.481235976565242751e+00,0.000000000000000000e+00,0.000000000000000000e+00,1.000000000000000000e+01,4.006259464795536296e+00,3.338549553996280395e+00,0.000000000000000000e+00
3.000000000000000000e+00,3.929062195949043712e+02,1.734480901879181758e+01,3.895833333333334281e+02,-2.066769528036275005e+01,-3.322886261570932476e+00,0.000000000000000000e+00,0.000000000000000000e+00,1.734480901879181758e+01,0.000000000000000000e+00,0.000000000000000000e+00,1.000000000000000000e+01,4.006259464795536296e+00,3.338549553996280395e+00,0.000000000000000000e+00
