3.000000000000000000e+00,0.000000000000000000e+00,1.249227087504689848e+01,0.000000000000000000e+00,0.000000000000000000e+00,0.000000000000000000e+00,0.000000000000000000e+00,-1.249227087504689848e+01,0.000000000000000000e+00,0.000000000000000000e+00,0.000000000000000000e+00,1.249227087504689848e+01,0.000000000000000000e+00,0.000000000000000000e+00,9.000000000000000000e+00,1.904875022752853253e+00,0.000000000000000000e+00,0.000000000000000000e+00
3.000000000000000000e+00,0.000000000000000000e+00,1.249227087504689848e+01,0.000000000000000000e+00,0.000000000000000000e+00,0.000000000000000000e+00,0.000000000000000000e+00,-1.249227087504689848e+01,0.000000000000000000e+00,0.000000000000000000e+00,0.000000000000000000e+00,1.249227087504689848e+01,0.000000000000000000e+00,0.000000000000000000e+00,9.000000000000000000e+00,1.904875022752853253e+00,0.000000000000000000e+00,0.000000000000000000e+00
3.000000000000000000e+00,0.000000000000000000e+00,1.249227087504689848e+01,0.000000000000000000e+00,0.000000000000000000e+00,0.000000000000000000e+00,0.000000000000000000e+00,-1.249227087504689848e+01,0.000000000000000000e+00,0.000000000000000000e+00,0.000000000000000000e+00,1.249227087504689848e+01,0.000000000000000000e+00,0.000000000000000000e+00,9.000000000000000000e+00,1.904875022752853253e+00,0.000000000000000000e+00,0.000000000000000000e+00
3.000000000000000000e+00,0.000000000000000000e+00,1.249227087504689848e+01,0.000000000000000000e+00,0.000000000000000000e+00,0.000000000000000000e+00,0.000000000000000000e+00,-1.249227087504689848e+01,0.000000000000000000e+00,0.000000000000000000e+00,0.000000000000000000e+00,1.249227087504689848e+01,0.000000000000000000e+00,0.000000000000000000e+00,9.000000000000000000e+00,1.904875022752853253e+00,0.000000000000000000e+00,0.000000000000000000e+00
3.000000000000000000e+00,0.000000000000000000e+00,1.249227087504689848e+01,8.659087342533700493e+00,0.000000000000000000e+00,1.282830660533088363e+00,0.000000000000000000e+00,-2.550352871980109626e+00,9.941918003066788856e+00,2.108108049473955692e+00,7.055555555555555358e+00,5.436715319491342235e+00,0.000000000000000000e+00,0.000000000000000000e+00,9.000000000000000000e+00,1.904875022752853253e+00,0.000000000000000000e+00,0.000000000000000000e+00
3.000000000000000000e+00,1.282830660533088363e+00,1.249227087504689848e+01,3.559752236300148365e+00,0.000000000000000000e+00,6.735513918885449591e-01,0.000000000000000000e+00,-9.541797907391293521e+00,2.950472967655604961e+00,3.433086610526536742e-01,1.763888888888888840e+00,1.072838198615800920e+01,0.000000000000000000e+00,0.000000000000000000e+00,9.000000000000000000e+00,1.904875022752853253e+00,0.000000000000000000e+00,0.000000000000000000e+00
3.000000000000000000e+00,6.735513918885449591e-01,1.149227087504689848e+01,6.034631674423505121e-01,0.000000000000000000e+00,2.712426135936445992e-01,0.000000000000000000e+00,-1.129111648589944750e+01,2.011543891474509849e-01,0.000000000000000000e+00,0.000000000000000000e+00,1.149227087504689848e+01,0.000000000000000000e+00,0.000000000000000000e+00,8.000000000000000000e+00,3.492270875046897594e+00,1.887770083723948389e+00,0.000000000000000000e+00
3.000000000000000000e+00,2.712426135936445992e-01,1.223410624582864337e+01,2.538392816535130492e-01,0.000000000000000000e+00,1.020164258246359090e-01,0.000000000000000000e+00,-1.214949315194413870e+01,8.461309388450466429e-02,0.000000000000000000e+00,0.000000000000000000e+00,1.223410624582864337e+01,0.000000000000000000e+00,0.000000000000000000e+00,8.000000000000000000e+00,4.234106245828643367e+00,1.772007305353093587e+00,0.000000000000000000e+00
3.000000000000000000e+00,1.020164258246359090e-01,1.292381159763935550e+01,8.124168124044077455e-02,0.000000000000000000e+00,4.785530499767539497e-02,0.000000000000000000e+00,-1.289673103722587655e+01,2.708056041347894904e-02,0.000000000000000000e+00,0.000000000000000000e+00,1.292381159763935550e+01,0.000000000000000000e+00,0.000000000000000000e+00,8.000000000000000000e+00,4.923811597639357274e+00,8.425773856922963434e-02,0.000000000000000000e+00
3.000000000000000000e+00,4.785530499767539497e-02,1.292381159763935727e+01,1.999633254723786946e+00,0.000000000000000000e+00,4.786553574040395276e-01,0.000000000000000000e+00,-1.049337829050920590e+01,2.430433307130151377e+00,2.982572606551270322e-01,1.763888888888888840e+00,1.115992270875046799e+01,0.000000000000000000e+00,0.000000000000000000e+00,8.000000000000000000e+00,4.923811597639357274e+00,8.425773856922963434e-02,0.000000000000000000e+00
3.000000000000000000e+00,4.786553574040395276e-01,1.292381159763935727e+01,3.263699694062814238e+00,0.000000000000000000e+00,1.830633339139941196e+00,0.000000000000000000e+00,-8.308133921840642699e+00,4.615677675798714574e+00,1.193360199019276591e+00,3.527777777777777679e+00,9.396033819861578706e+00,0.000000000000000000e+00,0.000000000000000000e+00,8.000000000000000000e+00,4.923811597639357274e+00,8.425773856922963434e-02,0.000000000000000000e+00
3.000000000000000000e+00,1.830633339139941196e+00,1.192381159763935550e+01,1.930657865945511142e+00,0.000000000000000000e+00,5.435280951762671009e-01,0.000000000000000000e+00,-1.128025897565751912e+01,6.435526219818363813e-01,0.000000000000000000e+00,0.000000000000000000e+00,1.192381159763935550e+01,0.000000000000000000e+00,0.000000000000000000e+00,7.000000000000000000e+00,4.923811597639357274e+00,8.425773856922963434e-02,0.000000000000000000e+00
3.000000000000000000e+00,5.435280951762671009e-01,1.192381159763935550e+01,4.321744173922072996e-01,0.000000000000000000e+00,2.554118169147955864e-01,0.000000000000000000e+00,-1.177975345850861899e+01,1.440581391307365067e-01,0.000000000000000000e+00,0.000000000000000000e+00,1.192381159763935550e+01,0.000000000000000000e+00,0.000000000000000000e+00,7.000000000000000000e+00,4.923811597639357274e+00,8.425773856922963434e-02,0.000000000000000000e+00
3.000000000000000000e+00,2.554118169147955864e-01,1.192381159763935727e+01,7.327834850803842670e+00,0.000000000000000000e+00,6.618552497122340839e-01,0.000000000000000000e+00,-4.189533314038076384e+00,7.734278283601280890e+00,1.480298511544029250e+00,5.291666666666666963e+00,6.632144930972690311e+00,0.000000000000000000e+00,0.000000000000000000e+00,7.000000000000000000e+00,2.685715416894194352e+00,0.000000000000000000e+00,0.000000000000000000e+00
3.000000000000000000e+00,6.618552497122340839e-01,1.188961846154463942e+01,7.851918024133675011e-01,0.000000000000000000e+00,1.383940481033224534e-01,0.000000000000000000e+00,-1.162788786074018432e+01,2.617306008044550936e-01,0.000000000000000000e+00,0.000000000000000000e+00,1.188961846154463942e+01,0.000000000000000000e+00,0.000000000000000000e+00,7.000000000000000000e+00,4.889618461544639416e+00,8.367261538472109406e-02,0.000000000000000000e+00
3.000000000000000000e+00,1.383940481033224534e-01,1.188961846154463942e+01,1.220094453065353329e-01,0.000000000000000000e+00,5.705441789896556481e-02,0.000000000000000000e+00,-1.184894864644246049e+01,4.066981510217893003e-02,0.000000000000000000e+00,0.000000000000000000e+00,1.188961846154463942e+01,0.000000000000000000e+00,0.000000000000000000e+00,7.000000000000000000e+00,4.889618461544639416e+00,1.888753867856662660e+00,0.000000000000000000e+00
3.000000000000000000e+00,5.705441789896556481e-02,1.362214926495664713e+01,8.152837342563867828e-02,0.000000000000000000e+00,2.702168948539779292e-03,0.000000000000000000e+00,-1.359497314048143402e+01,2.717612447521311481e-02,0.000000000000000000e+00,0.000000000000000000e+00,1.362214926495664713e+01,0.000000000000000000e+00,0.000000000000000000e+00,8.000000000000000000e+00,5.622149264956647130e+00,9.620790186022068480e-02,0.000000000000000000e+00
3.000000000000000000e+00,2.702168948539779292e-03,1.362214926495664713e+01,1.225203985653931582e+01,0.000000000000000000e+00,6.541200423667739017e-01,0.000000000000000000e+00,-7.186915349990972146e-01,1.290345772995754992e+01,2.573201939496621016e+00,8.819444444444444642e+00,4.802704820512202488e+00,0.000000000000000000e+00,0.000000000000000000e+00,8.000000000000000000e+00,5.622149264956647130e+00,9.620790186022068480e-02,0.000000000000000000e+00
3.000000000000000000e+00,6.541200423667739017e-01,1.362214926495664713e+01,7.026919621889887724e-01,0.000000000000000000e+00,1.856587342407813868e-01,0.000000000000000000e+00,-1.338791861089365121e+01,2.342306540629959244e-01,0.000000000000000000e+00,0.000000000000000000e+00,1.362214926495664713e+01,0.000000000000000000e+00,0.000000000000000000e+00,8.000000000000000000e+00,5.622149264956647130e+00,3.680405658965967497e+00,0.000000000000000000e+00
3.000000000000000000e+00,1.856587342407813868e-01,1.507667396239322599e+01,1.449875721464481870e+01,0.000000000000000000e+00,1.103153924477570769e+00,0.000000000000000000e+00,3.395784424883820929e-01,1.541625240488160742e+01,3.437542945020858554e+00,1.058333333333333393e+01,4.493340629059892066e+00,0.000000000000000000e+00,0.000000000000000000e+00,8.000000000000000000e+00,7.076673962393224215e+00,1.210981640623439298e-01,0.000000000000000000e+00
3.000000000000000000e+00,1.103153924477570769e+00,1.507667396239322599e+01,5.251706210730203495e+00,0.000000000000000000e+00,1.129794228435212489e+00,0.000000000000000000e+00,-9.798327447705380777e+00,5.278346514687845215e+00,7.325905640372609717e-01,3.527777777777777679e+00,1.154889618461544742e+01,0.000000000000000000e+00,0.000000000000000000e+00,8.000000000000000000e+00,3.860003979487213410e+00,0.000000000000000000e+00,0.000000000000000000e+00
3.000000000000000000e+00,1.129794228435212489e+00,1.502753039320993977e+01,1.127128425777864429e+00,0.000000000000000000e+00,3.783752779166361657e-01,0.000000000000000000e+00,-1.465182091795065134e+01,3.757094752592884390e-01,0.000000000000000000e+00,0.000000000000000000e+00,1.502753039320993977e+01,0.000000000000000000e+00,0.000000000000000000e+00,8.000000000000000000e+00,7.027530393209937998e+00,1.202572045896887765e-01,0.000000000000000000e+00
3.000000000000000000e+00,3.783752779166361657e-01,1.502753039320993977e+01,1.028170601755147473e+01,0.000000000000000000e+00,2.343349043993431025e+00,0.000000000000000000e+00,-2.780850609581670074e+00,1.224667978362827014e+01,2.659991143804326441e+00,8.819444444444444642e+00,6.208085948765495132e+00,0.000000000000000000e+00,0.000000000000000000e+00,8.000000000000000000e+00,7.027530393209937998e+00,1.202572045896887765e-01,0.000000000000000000e+00
3.000000000000000000e+00,2.343349043993431025e+00,1.502753039320993977e+01,6.425564621617981587e+00,0.000000000000000000e+00,1.587417074025887942e+00,0.000000000000000000e+00,-9.357897741559501270e+00,5.669632651650438504e+00,1.159391247367781430e+00,3.527777777777777679e+00,1.149975261543216298e+01,0.000000000000000000e+00,0.000000000000000000e+00,8.000000000000000000e+00,3.833198396296329857e+00,0.000000000000000000e+00,0.000000000000000000e+00
3.000000000000000000e+00,1.587417074025887942e+00,1.497872809881264899e+01,2.011571714226579655e+00,0.000000000000000000e+00,2.463692645415014315e-01,0.000000000000000000e+00,-1.430820419407045563e+01,6.705239047421933662e-01,0.000000000000000000e+00,0.000000000000000000e+00,1.497872809881264899e+01,0.000000000000000000e+00,0.000000000000000000e+00,8.000000000000000000e+00,3.806578962988716341e+00,0.000000000000000000e+00,0.000000000000000000e+00
3.000000000000000000e+00,2.463692645415014315e-01,1.493026470923756222e+01,2.605036367805089181e-01,0.000000000000000000e+00,7.270017335449549534e-02,0.000000000000000000e+00,-1.484343016364405976e+01,8.683454559350245461e-02,0.000000000000000000e+00,0.000000000000000000e+00,1.493026470923756222e+01,0.000000000000000000e+00,0.000000000000000000e+00,8.000000000000000000e+00,6.930264709237560439e+00,1.185927650778619835e-01,0.000000000000000000e+00
3.000000000000000000e+00,7.270017335449549534e-02,1.593026470923756222e+01,1.209537862401806230e+01,0.000000000000000000e+00,2.592447757342455361e+00,0.000000000000000000e+00,-1.315138501231539969e+00,1.461512620800602136e+01,3.131705594741571730e+00,1.058333333333333393e+01,5.346931375904227401e+00,0.000000000000000000e+00,0.000000000000000000e+00,9.000000000000000000e+00,3.780144386856850502e+00,0.000000000000000000e+00,0.000000000000000000e+00
3.000000000000000000e+00,2.592447757342455361e+00,1.588213787097896557e+01,2.244363508107657168e+01,0.000000000000000000e+00,1.741135481069186142e+00,0.000000000000000000e+00,5.710184933824336895e+00,2.159232280480330246e+01,4.475266338016117729e+00,1.411111111111111072e+01,1.771026759867854405e+00,0.000000000000000000e+00,0.000000000000000000e+00,9.000000000000000000e+00,3.753893384170344572e+00,0.000000000000000000e+00,0.000000000000000000e+00
3.000000000000000000e+00,1.741135481069186142e+00,1.583434524687494616e+01,1.542769501206721827e+01,0.000000000000000000e+00,2.754499174688191943e-01,0.000000000000000000e+00,-1.872335798408094831e+00,1.396200944846685132e+01,2.768777905538214235e+00,8.819444444444444642e+00,7.014900802430500626e+00,0.000000000000000000e+00,0.000000000000000000e+00,9.000000000000000000e+00,6.834345246874944380e+00,1.169513625133680179e-01,0.000000000000000000e+00
3.000000000000000000e+00,2.754499174688191943e-01,1.583434524687494438e+01,3.287372052750829887e-01,0.000000000000000000e+00,5.629178061876388695e-02,0.000000000000000000e+00,-1.572476617844991686e+01,1.095790684250275149e-01,0.000000000000000000e+00,0.000000000000000000e+00,1.583434524687494438e+01,0.000000000000000000e+00,0.000000000000000000e+00,9.000000000000000000e+00,6.834345246874944380e+00,1.169513625133680179e-01,0.000000000000000000e+00
3.000000000000000000e+00,5.629178061876388695e-02,1.583434524687494616e+01,1.623036016578560670e+00,0.000000000000000000e+00,7.381566584552790022e-01,0.000000000000000000e+00,-1.352944435245987087e+01,2.304900894415075285e+00,5.425434708237530934e-01,1.763888888888888840e+00,1.407045635798605687e+01,0.000000000000000000e+00,0.000000000000000000e+00,9.000000000000000000e+00,3.727824680113606348e+00,0.000000000000000000e+00,0.000000000000000000e+00
3.000000000000000000e+00,7.381566584552790022e-01,1.378688451599386866e+01,4.338302365626936385e+00,0.000000000000000000e+00,1.373732859148432350e+00,0.000000000000000000e+00,-8.813005949673780037e+00,4.973878566320088623e+00,6.587203460513846309e-01,3.527777777777777679e+00,1.025910673821609009e+01,0.000000000000000000e+00,0.000000000000000000e+00,7.000000000000000000e+00,3.701937008723928724e+00,0.000000000000000000e+00,0.000000000000000000e+00
3.000000000000000000e+00,1.373732859148432350e+00,1.373975337352168857e+01,2.451726708547782962e+00,0.000000000000000000e+00,1.503137275672132400e+00,0.000000000000000000e+00,-1.115862224845020556e+01,2.581131125071483012e+00,4.136295639432496785e-01,1.763888888888888840e+00,1.197586448463279929e+01,0.000000000000000000e+00,0.000000000000000000e+00,7.000000000000000000e+00,3.676229112830012635e+00,0.000000000000000000e+00,0.000000000000000000e+00
3.000000000000000000e+00,1.503137275672132400e+00,1.369294953065000975e+01,1.735789250903348568e+00,0.000000000000000000e+00,3.459444417365666880e-01,0.000000000000000000e+00,-1.311435311368222756e+01,5.785964169677821900e-01,0.000000000000000000e+00,0.000000000000000000e+00,1.369294953065000975e+01,0.000000000000000000e+00,0.000000000000000000e+00,7.000000000000000000e+00,3.650699743990915014e+00,0.000000000000000000e+00,0.000000000000000000e+00
3.000000000000000000e+00,3.459444417365666880e-01,1.364647071446494309e+01,5.110973351379915819e+00,0.000000000000000000e+00,4.664066519277336731e-01,0.000000000000000000e+00,-8.415035152893860726e+00,5.231435561571082360e+00,1.004134362525014312e+00,3.527777777777777679e+00,1.011869293668716452e+01,0.000000000000000000e+00,0.000000000000000000e+00,7.000000000000000000e+00,3.625347662435422169e+00,0.000000000000000000e+00,0.000000000000000000e+00
3.000000000000000000e+00,4.664066519277336731e-01,1.360031466783671128e+01,5.267492888910804139e-01,0.000000000000000000e+00,1.152404593336800454e-01,0.000000000000000000e+00,-1.342473157153968444e+01,1.755830962970268416e-01,0.000000000000000000e+00,0.000000000000000000e+00,1.360031466783671128e+01,0.000000000000000000e+00,0.000000000000000000e+00,7.000000000000000000e+00,3.600171637001842839e+00,0.000000000000000000e+00,0.000000000000000000e+00
3.000000000000000000e+00,1.152404593336800454e-01,1.255447914931006892e+01,3.491498716649855005e+00,0.000000000000000000e+00,1.315352426011554332e+00,0.000000000000000000e+00,-7.862868465982339572e+00,4.691610683327729348e+00,1.103354387046724394e+00,3.527777777777777679e+00,9.026701371532290352e+00,0.000000000000000000e+00,0.000000000000000000e+00,6.000000000000000000e+00,3.575170445078219128e+00,0.000000000000000000e+00,0.000000000000000000e+00
3.000000000000000000e+00,1.315352426011554332e+00,1.250896193299541537e+01,3.920267903031176004e+00,0.000000000000000000e+00,2.229618268435215267e+00,0.000000000000000000e+00,-7.674428187540577539e+00,4.834533745454837828e+00,7.432094817793954977e-01,3.527777777777777679e+00,8.981184155217636800e+00,0.000000000000000000e+00,0.000000000000000000e+00,6.000000000000000000e+00,3.550342872542953554e+00,0.000000000000000000e+00,0.000000000000000000e+00
3.000000000000000000e+00,2.229618268435215267e+00,1.246376080846072298e+01,3.983069083960415036e+00,0.000000000000000000e+00,1.338127768017160601e+00,0.000000000000000000e+00,-9.372182224918363502e+00,3.091578583542359482e+00,2.388334172387318599e-01,1.763888888888888840e+00,1.069987191957183370e+01,0.000000000000000000e+00,0.000000000000000000e+00,6.000000000000000000e+00,3.525687713705849546e+00,0.000000000000000000e+00,0.000000000000000000e+00
3.000000000000000000e+00,1.338127768017160601e+00,1.241887358062419011e+01,1.233608068572497274e+00,0.000000000000000000e+00,5.157223889688291596e-01,0.000000000000000000e+00,-1.200767089110002495e+01,4.112026895241651658e-01,0.000000000000000000e+00,0.000000000000000000e+00,1.241887358062419011e+01,0.000000000000000000e+00,0.000000000000000000e+00,6.000000000000000000e+00,3.501203771249559171e+00,0.000000000000000000e+00,0.000000000000000000e+00
3.000000000000000000e+00,5.157223889688291596e-01,1.237429806964763301e+01,5.546699741877146872e-01,0.000000000000000000e+00,1.459424061770193681e-01,0.000000000000000000e+00,-1.218940807825172712e+01,1.848899913959058949e-01,0.000000000000000000e+00,0.000000000000000000e+00,1.237429806964763301e+01,0.000000000000000000e+00,0.000000000000000000e+00,6.000000000000000000e+00,3.476889856171437199e+00,0.000000000000000000e+00,0.000000000000000000e+00
3.000000000000000000e+00,1.459424061770193681e-01,1.233003211083063633e+01,7.518519117415589648e+00,0.000000000000000000e+00,3.953040772344404097e+00,0.000000000000000000e+00,-1.004414627247661063e+00,1.132561748358297571e+01,2.883354615146713762e+00,8.819444444444444642e+00,3.510587666386191241e+00,0.000000000000000000e+00,0.000000000000000000e+00,6.000000000000000000e+00,3.452744787725802400e+00,0.000000000000000000e+00,0.000000000000000000e+00
3.000000000000000000e+00,3.953040772344404097e+00,1.228607355450542293e+01,4.262911812283849855e+00,0.000000000000000000e+00,1.111099564155170860e+00,0.000000000000000000e+00,-1.086510295041080632e+01,1.420970604094616618e+00,0.000000000000000000e+00,0.000000000000000000e+00,1.228607355450542293e+01,0.000000000000000000e+00,0.000000000000000000e+00,6.000000000000000000e+00,6.286073554505423822e+00,1.075691731252264721e-01,0.000000000000000000e+00
3.000000000000000000e+00,1.111099564155170860e+00,1.228607355450542293e+01,1.355451063849689941e+00,0.000000000000000000e+00,2.074655215887108994e-01,0.000000000000000000e+00,-1.183425653322219162e+01,4.518170212832313126e-01,0.000000000000000000e+00,0.000000000000000000e+00,1.228607355450542293e+01,0.000000000000000000e+00,0.000000000000000000e+00,6.000000000000000000e+00,6.286073554505423822e+00,5.656847444206998254e+00,0.000000000000000000e+00
3.000000000000000000e+00,2.074655215887108994e-01,1.453805931121612360e+01,2.654743667412805541e-01,0.000000000000000000e+00,3.048261042785721520e-02,0.000000000000000000e+00,-1.444956785563569746e+01,8.849145558042614823e-02,0.000000000000000000e+00,0.000000000000000000e+00,1.453805931121612360e+01,0.000000000000000000e+00,0.000000000000000000e+00,6.000000000000000000e+00,8.538059311216127156e+00,1.461058277855165621e-01,0.000000000000000000e+00
3.000000000000000000e+00,3.048261042785721520e-02,1.453805931121612360e+01,3.772302488456532377e+00,0.000000000000000000e+00,1.043392062567946699e+00,0.000000000000000000e+00,-9.752847370619502243e+00,4.785211940596621361e+00,1.057412553631409402e+00,3.527777777777777679e+00,1.101028153343834681e+01,0.000000000000000000e+00,0.000000000000000000e+00,6.000000000000000000e+00,4.657123260663342812e+00,0.000000000000000000e+00,0.000000000000000000e+00
3.000000000000000000e+00,1.043392062567946699e+00,1.747876723266601218e+01,5.289920088391504294e+00,0.000000000000000000e+00,1.044556448084722255e+00,0.000000000000000000e+00,-1.218768275875773099e+01,5.291084473908281183e+00,6.334180363565355965e-01,3.527777777777777679e+00,1.395098945488823539e+01,0.000000000000000000e+00,0.000000000000000000e+00,9.000000000000000000e+00,4.624782126908735691e+00,0.000000000000000000e+00,0.000000000000000000e+00
3.000000000000000000e+00,1.044556448084722255e+00,1.741988690466138934e+01,1.179851390692970980e+01,0.000000000000000000e+00,3.762213843464915719e+00,0.000000000000000000e+00,-2.903715602351485181e+00,1.451617130230990327e+01,3.296007404757388404e+00,1.058333333333333393e+01,6.836553571328054524e+00,0.000000000000000000e+00,0.000000000000000000e+00,9.000000000000000000e+00,4.592665584360758224e+00,0.000000000000000000e+00,0.000000000000000000e+00
3.000000000000000000e+00,3.762213843464915719e+00,1.736141546782346268e+01,1.447301898838516721e+01,0.000000000000000000e+00,6.460756740097027162e+00,0.000000000000000000e+00,-1.898535828061822528e-01,1.717156188501727954e+01,3.891917959653057313e+00,1.234722222222222143e+01,5.014193245601240356e+00,0.000000000000000000e+00,0.000000000000000000e+00,9.000000000000000000e+00,4.560772073358253742e+00,0.000000000000000000e+00,0.000000000000000000e+00
3.000000000000000000e+00,6.460756740097027162e+00,1.730335008263024577e+01,8.964855609824132543e+00,0.000000000000000000e+00,4.841863335476057628e-01,0.000000000000000000e+00,-1.431506487935553373e+01,2.988285203274712032e+00,0.000000000000000000e+00,0.000000000000000000e+00,1.730335008263024577e+01,0.000000000000000000e+00,0.000000000000000000e+00,9.000000000000000000e+00,4.529100045071043468e+00,0.000000000000000000e+00,0.000000000000000000e+00
3.000000000000000000e+00,4.841863335476057628e-01,1.724568792927864536e+01,6.464637708659575210e-01,0.000000000000000000e+00,5.321048630363406362e-02,0.000000000000000000e+00,-1.703020000565665981e+01,2.154879236219855443e-01,0.000000000000000000e+00,0.000000000000000000e+00,1.724568792927864536e+01,0.000000000000000000e+00,0.000000000000000000e+00,9.000000000000000000e+00,4.497647961424716456e+00,0.000000000000000000e+00,0.000000000000000000e+00
3.000000000000000000e+00,5.321048630363406362e-02,1.718842620754754336e+01,6.282798481562076875e-02,0.000000000000000000e+00,1.132516309322022241e-02,0.000000000000000000e+00,-1.716748354594233561e+01,2.094266160520774633e-02,0.000000000000000000e+00,0.000000000000000000e+00,1.718842620754754336e+01,0.000000000000000000e+00,0.000000000000000000e+00,9.000000000000000000e+00,8.188426207547545133e+00,1.401228014125782684e-01,0.000000000000000000e+00
3.000000000000000000e+00,1.132516309322022241e-02,1.718842620754754336e+01,1.260116695834567935e+01,0.000000000000000000e+00,7.485547190862767764e+00,0.000000000000000000e+00,2.886962778567683685e+00,2.007538898611522882e+01,5.011601891221858729e+00,1.587500000000000000e+01,1.313426207547543356e+00,0.000000000000000000e+00,0.000000000000000000e+00,9.000000000000000000e+00,8.188426207547545133e+00,1.401228014125782684e-01,0.000000000000000000e+00
3.000000000000000000e+00,7.485547190862767764e+00,1.718842620754754336e+01,6.155604808941228079e+00,0.000000000000000000e+00,3.381810651568615711e+00,0.000000000000000000e+00,-1.513655793790046644e+01,2.051868269647076914e+00,0.000000000000000000e+00,0.000000000000000000e+00,1.718842620754754336e+01,0.000000000000000000e+00,0.000000000000000000e+00,9.000000000000000000e+00,8.188426207547545133e+00,2.415259292954297532e+00,0.000000000000000000e+00
3.000000000000000000e+00,3.381810651568615711e+00,1.811171293480079925e+01,1.995671022180980003e+01,0.000000000000000000e+00,4.188448281473196033e+00,0.000000000000000000e+00,2.651634916913581108e+00,2.076334785171437858e+01,4.710420777234448408e+00,1.411111111111111072e+01,4.000601823689690306e+00,0.000000000000000000e+00,0.000000000000000000e+00,9.000000000000000000e+00,9.111712934800802799e+00,1.559223603816179693e-01,0.000000000000000000e+00
3.000000000000000000e+00,4.188448281473196033e+00,1.811171293480079925e+01,2.379210819951588718e+01,0.000000000000000000e+00,2.438153926240381963e+00,0.000000000000000000e+00,3.930100909482273863e+00,2.204181384428307311e+01,4.643997419173087060e+00,1.411111111111111072e+01,4.000601823689690306e+00,0.000000000000000000e+00,0.000000000000000000e+00,9.000000000000000000e+00,4.970025237164074738e+00,0.000000000000000000e+00,0.000000000000000000e+00
3.000000000000000000e+00,2.438153926240381963e+00,1.904843715053135256e+01,3.495185271640914415e+00,0.000000000000000000e+00,1.080304118131056867e-01,0.000000000000000000e+00,-1.788337539331771353e+01,1.165061757213639027e+00,0.000000000000000000e+00,0.000000000000000000e+00,1.904843715053135256e+01,0.000000000000000000e+00,0.000000000000000000e+00,1.000000000000000000e+01,4.935511173017101960e+00,0.000000000000000000e+00,0.000000000000000000e+00
3.000000000000000000e+00,1.080304118131056867e-01,1.898560078143043839e+01,8.308608561589193864e-02,0.000000000000000000e+00,5.263968806917772997e-02,0.000000000000000000e+00,-1.895790541955847175e+01,2.769536187196663946e-02,0.000000000000000000e+00,0.000000000000000000e+00,1.898560078143043839e+01,0.000000000000000000e+00,0.000000000000000000e+00,1.000000000000000000e+01,8.985600781430440165e+00,1.537642914469379840e-01,0.000000000000000000e+00
3.000000000000000000e+00,5.263968806917772997e-02,1.898560078143044194e+01,9.833979471640811099e+00,0.000000000000000000e+00,5.522089291975254000e-01,0.000000000000000000e+00,-8.652052068661284068e+00,1.033354871276915787e+01,2.141004445265396683e+00,7.055555555555555358e+00,1.193004522587488481e+01,0.000000000000000000e+00,0.000000000000000000e+00,1.000000000000000000e+01,4.901236789871149746e+00,0.000000000000000000e+00,0.000000000000000000e+00
3.000000000000000000e+00,5.522089291975254000e-01,1.892320077600383854e+01,7.283006572571222303e-01,0.000000000000000000e+00,6.667515769277720938e-02,0.000000000000000000e+00,-1.868043389025146439e+01,2.427668857523741508e-01,0.000000000000000000e+00,0.000000000000000000e+00,1.892320077600383854e+01,0.000000000000000000e+00,0.000000000000000000e+00,1.000000000000000000e+01,4.867200423274822718e+00,0.000000000000000000e+00,0.000000000000000000e+00
3.000000000000000000e+00,6.667515769277720938e-02,1.886123410394825584e+01,5.868193349927380842e-02,0.000000000000000000e+00,2.755386869326133942e-02,0.000000000000000000e+00,-1.884167345944849714e+01,1.956064449975869479e-02,0.000000000000000000e+00,0.000000000000000000e+00,1.886123410394825584e+01,0.000000000000000000e+00,0.000000000000000000e+00,1.000000000000000000e+01,8.861234103948259389e+00,1.516360916183658869e-01,0.000000000000000000e+00
3.000000000000000000e+00,2.755386869326133942e-02,1.886123410394825584e+01,2.265044515467021582e-02,0.000000000000000000e+00,1.245357192348119611e-02,0.000000000000000000e+00,-1.885368395556336552e+01,7.550148384890320585e-03,0.000000000000000000e+00,0.000000000000000000e+00,1.886123410394825584e+01,0.000000000000000000e+00,0.000000000000000000e+00,1.000000000000000000e+01,8.861234103948259389e+00,1.516360916183658869e-01,0.000000000000000000e+00
3.000000000000000000e+00,1.245357192348119611e-02,1.886123410394825584e+01,1.170287523406637539e-02,0.000000000000000000e+00,4.651655100770278606e-03,0.000000000000000000e+00,-1.885733314553689866e+01,3.900958411357180466e-03,0.000000000000000000e+00,0.000000000000000000e+00,1.886123410394825584e+01,0.000000000000000000e+00,0.000000000000000000e+00,1.000000000000000000e+01,8.861234103948259389e+00,1.516360916183658869e-01,0.000000000000000000e+00
3.000000000000000000e+00,4.651655100770278606e-03,1.886123410394825584e+01,3.831496107584627612e-03,0.000000000000000000e+00,2.097324362380526865e-03,0.000000000000000000e+00,-1.885995693857906019e+01,1.277165369195643052e-03,0.000000000000000000e+00,0.000000000000000000e+00,1.886123410394825584e+01,0.000000000000000000e+00,0.000000000000000000e+00,1.000000000000000000e+01,8.861234103948259389e+00,4.367773296916263703e+00,0.000000000000000000e+00
3.000000000000000000e+00,2.097324362380526865e-03,2.057220992293850870e+01,3.389108890565645460e+00,0.000000000000000000e+00,1.270469175096394565e+00,0.000000000000000000e+00,-1.591472918163885097e+01,4.657480741299657723e+00,7.282780709076497327e-01,3.527777777777777679e+00,1.704443214516073013e+01,0.000000000000000000e+00,0.000000000000000000e+00,1.000000000000000000e+01,1.057220992293850870e+01,1.809148222107124226e-01,0.000000000000000000e+00
3.000000000000000000e+00,1.270469175096394565e+00,2.057220992293851225e+01,1.360768364086255389e+01,0.000000000000000000e+00,1.018124525632469357e+00,0.000000000000000000e+00,-7.216870931539883571e+00,1.335533899139862868e+01,2.876843330918373631e+00,8.819444444444444642e+00,1.175276547849406583e+01,0.000000000000000000e+00,0.000000000000000000e+00,1.000000000000000000e+01,5.766659957966459693e+00,0.000000000000000000e+00,0.000000000000000000e+00
3.000000000000000000e+00,1.018124525632469357e+00,2.049879179847365762e+01,7.967625155811091098e-01,0.000000000000000000e+00,4.869495152450632469e-01,0.000000000000000000e+00,-2.023320429327995384e+01,2.655875051937037767e-01,0.000000000000000000e+00,0.000000000000000000e+00,2.049879179847365762e+01,0.000000000000000000e+00,0.000000000000000000e+00,1.000000000000000000e+01,5.726613708258359026e+00,0.000000000000000000e+00,0.000000000000000000e+00
3.000000000000000000e+00,4.869495152450632469e-01,2.042588352209536851e+01,8.185116698600399587e+00,0.000000000000000000e+00,3.849649493955908497e+00,0.000000000000000000e+00,-8.878066844784124001e+00,1.154781667731124450e+01,2.963055082062142631e+00,8.819444444444444642e+00,1.160643907765092386e+01,0.000000000000000000e+00,0.000000000000000000e+00,1.000000000000000000e+01,5.686845557506564397e+00,0.000000000000000000e+00,0.000000000000000000e+00
3.000000000000000000e+00,3.849649493955908497e+00,2.035348155319192642e+01,1.006408343726668697e+01,0.000000000000000000e+00,6.680383135558951579e-01,0.000000000000000000e+00,-1.347100929632525279e+01,6.882472256866673632e+00,7.160009337008332864e-01,3.527777777777777679e+00,1.682570377541414786e+01,0.000000000000000000e+00,0.000000000000000000e+00,1.000000000000000000e+01,5.647353574468325199e+00,0.000000000000000000e+00,0.000000000000000000e+00
3.000000000000000000e+00,6.680383135558951579e-01,2.028158237573920530e+01,9.919567897479691920e-01,0.000000000000000000e+00,6.733787057249029928e-03,0.000000000000000000e+00,-1.995093011248988546e+01,3.306522632493198444e-01,0.000000000000000000e+00,0.000000000000000000e+00,2.028158237573920530e+01,0.000000000000000000e+00,0.000000000000000000e+00,1.000000000000000000e+01,5.608135841312293479e+00,0.000000000000000000e+00,0.000000000000000000e+00
3.000000000000000000e+00,6.733787057249029928e-03,2.021018249812990675e+01,5.976337407391510252e-03,0.000000000000000000e+00,2.749562118988023093e-03,0.000000000000000000e+00,-2.020819038566077808e+01,1.992112469128670682e-03,0.000000000000000000e+00,0.000000000000000000e+00,2.021018249812990675e+01,0.000000000000000000e+00,0.000000000000000000e+00,1.000000000000000000e+01,5.569190453525401985e+00,0.000000000000000000e+00,0.000000000000000000e+00
3.000000000000000000e+00,2.749562118988023093e-03,2.013927845300400321e+01,2.231275656949817041e-03,0.000000000000000000e+00,1.262045014354811661e-03,0.000000000000000000e+00,-2.013853469445168898e+01,7.437585523142331567e-04,0.000000000000000000e+00,0.000000000000000000e+00,2.013927845300400321e+01,0.000000000000000000e+00,0.000000000000000000e+00,1.000000000000000000e+01,5.530515519820365711e+00,0.000000000000000000e+00,0.000000000000000000e+00
3.000000000000000000e+00,1.262045014354811661e-03,2.006886679708036425e+01,1.834235759961337165e-03,0.000000000000000000e+00,3.922117438058688420e-05,0.000000000000000000e+00,-2.006825538516037710e+01,6.114119199871481669e-04,0.000000000000000000e+00,0.000000000000000000e+00,2.006886679708036425e+01,0.000000000000000000e+00,0.000000000000000000e+00,1.000000000000000000e+01,5.492109162043835369e+00,0.000000000000000000e+00,0.000000000000000000e+00
3.000000000000000000e+00,3.922117438058688420e-05,1.999894411098953029e+01,2.325927232266705857e+01,0.000000000000000000e+00,2.132746561618562353e+00,0.000000000000000000e+00,5.393035552121708598e+00,2.539197966311123977e+01,5.716126924602844994e+00,1.763888888888888928e+01,2.360055222100641004e+00,0.000000000000000000e+00,0.000000000000000000e+00,1.000000000000000000e+01,9.998944110989530287e+00,1.711049259634571662e-01,0.000000000000000000e+00
3.000000000000000000e+00,2.132746561618562353e+00,1.999894411098953029e+01,1.856909275896514222e+00,0.000000000000000000e+00,8.948070443542195385e-01,0.000000000000000000e+00,-1.937997435235735821e+01,6.189697586321720735e-01,0.000000000000000000e+00,0.000000000000000000e+00,1.999894411098953029e+01,0.000000000000000000e+00,0.000000000000000000e+00,1.000000000000000000e+01,9.998944110989530287e+00,1.711049259634571662e-01,0.000000000000000000e+00
3.000000000000000000e+00,8.948070443542195385e-01,1.999894411098952673e+01,1.342217152078042730e+01,0.000000000000000000e+00,7.661371416117130906e-01,0.000000000000000000e+00,-6.705442492951606326e+00,1.329350161803792041e+01,2.490223445951362802e+00,8.819444444444444642e+00,1.117949966654508387e+01,0.000000000000000000e+00,0.000000000000000000e+00,1.000000000000000000e+01,5.453969515085198339e+00,0.000000000000000000e+00,0.000000000000000000e+00
3.000000000000000000e+00,7.661371416117130906e-01,1.992950699910765877e+01,1.124743829193242384e+01,0.000000000000000000e+00,7.378956058101207915e+00,0.000000000000000000e+00,-2.069249790685740109e+00,1.786025720842192044e+01,4.288364638802571349e+00,1.411111111111111072e+01,5.818395887996546278e+00,0.000000000000000000e+00,0.000000000000000000e+00,1.000000000000000000e+01,5.416094726785995128e+00,0.000000000000000000e+00,0.000000000000000000e+00
3.000000000000000000e+00,7.378956058101207915e+00,1.986055208939163208e+01,1.987441334878606369e+01,0.000000000000000000e+00,4.712680492243832120e+00,0.000000000000000000e+00,-2.652414306462942406e+00,1.720813778292868790e+01,3.162787892845143389e+00,1.058333333333333393e+01,9.277218756058299931e+00,0.000000000000000000e+00,0.000000000000000000e+00,1.000000000000000000e+01,5.378482957849981538e+00,0.000000000000000000e+00,0.000000000000000000e+00
3.000000000000000000e+00,4.712680492243832120e+00,1.979207603321530229e+01,2.571022796619247686e+01,0.000000000000000000e+00,5.211417403671067206e+00,0.000000000000000000e+00,6.416888844404409653e+00,2.620896487761971372e+01,5.969553607277039653e+00,1.763888888888888928e+01,2.153187144326413893e+00,0.000000000000000000e+00,0.000000000000000000e+00,1.000000000000000000e+01,5.341132381753801006e+00,0.000000000000000000e+00,0.000000000000000000e+00
3.000000000000000000e+00,5.211417403671067206e+00,1.972407550520686215e+01,1.472964807654624764e+01,0.000000000000000000e+00,5.974985352640235448e+00,0.000000000000000000e+00,-4.230859479691446268e+00,1.549321602551541588e+01,3.183968569711637109e+00,1.058333333333333393e+01,9.140742171873529998e+00,0.000000000000000000e+00,0.000000000000000000e+00,1.000000000000000000e+01,5.304041184658287555e+00,0.000000000000000000e+00,0.000000000000000000e+00
3.000000000000000000e+00,5.974985352640235448e+00,1.965654720308737069e+01,1.249888977028425430e+01,0.000000000000000000e+00,4.697947728006287349e+00,0.000000000000000000e+00,-8.434695057437064492e+00,1.122185214565030620e+01,2.190339498495093018e+00,7.055555555555555358e+00,1.260099164753181533e+01,0.000000000000000000e+00,0.000000000000000000e+00,1.000000000000000000e+01,5.267207565320383367e+00,0.000000000000000000e+00,0.000000000000000000e+00
3.000000000000000000e+00,4.697947728006287349e+00,1.758948784751037664e+01,6.634427884215559956e+00,0.000000000000000000e+00,2.749958051959140448e-01,0.000000000000000000e+00,-1.537801188610518999e+01,2.211475961405186652e+00,0.000000000000000000e+00,0.000000000000000000e+00,1.758948784751037664e+01,0.000000000000000000e+00,0.000000000000000000e+00,8.000000000000000000e+00,5.230629735005658532e+00,0.000000000000000000e+00,0.000000000000000000e+00
3.000000000000000000e+00,2.749958051959140448e-01,1.752289418190266446e+01,1.337885423371637827e+01,0.000000000000000000e+00,1.752040938294392447e-01,0.000000000000000000e+00,-4.243831659552760982e+00,1.327906252234990347e+01,2.988567111644916174e+00,8.819444444444444642e+00,8.703449737458221591e+00,0.000000000000000000e+00,0.000000000000000000e+00,8.000000000000000000e+00,5.194305917401453421e+00,0.000000000000000000e+00,0.000000000000000000e+00
3.000000000000000000e+00,1.752040938294392447e-01,1.745676297230611596e+01,1.951355294828617803e-01,0.000000000000000000e+00,4.511374084086472447e-02,0.000000000000000000e+00,-1.739171779581182875e+01,6.504517649428720460e-02,0.000000000000000000e+00,0.000000000000000000e+00,1.745676297230611596e+01,0.000000000000000000e+00,0.000000000000000000e+00,8.000000000000000000e+00,5.158234348530609026e+00,0.000000000000000000e+00,0.000000000000000000e+00
3.000000000000000000e+00,4.511374084086472447e-02,1.739109100722065904e+01,1.173257201338062217e+01,0.000000000000000000e+00,1.042843509698228033e+00,0.000000000000000000e+00,-4.660789224982673673e+00,1.273030178223798536e+01,2.993263083148127723e+00,8.819444444444444642e+00,8.571646562776212619e+00,0.000000000000000000e+00,0.000000000000000000e+00,8.000000000000000000e+00,5.122413276665812809e+00,0.000000000000000000e+00,0.000000000000000000e+00
3.000000000000000000e+00,1.042843509698228033e+00,1.732587509744829291e+01,6.353044735084497852e+00,0.000000000000000000e+00,3.863035908530784823e+00,0.000000000000000000e+00,-8.152637963531239151e+00,9.173237133917053754e+00,2.382254995549240917e+00,7.055555555555555358e+00,1.027031954189273755e+01,0.000000000000000000e+00,0.000000000000000000e+00,8.000000000000000000e+00,5.086840962244522757e+00,0.000000000000000000e+00,0.000000000000000000e+00
3.000000000000000000e+00,3.863035908530784823e+00,1.726111207593823593e+01,3.964393061560799847e+00,0.000000000000000000e+00,1.220107200823584925e+00,0.000000000000000000e+00,-1.593964772208463643e+01,1.321464353853599505e+00,0.000000000000000000e+00,0.000000000000000000e+00,1.726111207593823593e+01,0.000000000000000000e+00,0.000000000000000000e+00,8.000000000000000000e+00,5.051515677784491842e+00,0.000000000000000000e+00,0.000000000000000000e+00
3.000000000000000000e+00,1.220107200823584925e+00,1.719679879763310737e+01,3.134212292416747481e+00,0.000000000000000000e+00,8.945212281013086297e-01,0.000000000000000000e+00,-1.438817247793863530e+01,2.808626319694472073e+00,3.206067034209525435e-01,1.763888888888888840e+00,1.543290990874421986e+01,0.000000000000000000e+00,0.000000000000000000e+00,8.000000000000000000e+00,5.016435707799877797e+00,0.000000000000000000e+00,0.000000000000000000e+00
3.000000000000000000e+00,8.945212281013086297e-01,1.713293213931621395e+01,8.467425518794753359e+00,0.000000000000000000e+00,4.069015326682585254e+00,0.000000000000000000e+00,-5.491012521940183966e+00,1.164191961737602909e+01,2.757274791008658354e+00,8.819444444444444642e+00,8.313487694871769307e+00,0.000000000000000000e+00,0.000000000000000000e+00,8.000000000000000000e+00,4.981599348717933751e+00,0.000000000000000000e+00,0.000000000000000000e+00
3.000000000000000000e+00,4.069015326682585254e+00,1.706950899945984901e+01,2.272830257458146974e+01,0.000000000000000000e+00,1.264035832517159008e+00,0.000000000000000000e+00,2.853814080956194488e+00,1.992332308041604350e+01,3.865068502118059968e+00,1.234722222222222143e+01,4.722286777237629352e+00,0.000000000000000000e+00,0.000000000000000000e+00,8.000000000000000000e+00,4.947004908796281519e+00,0.000000000000000000e+00,0.000000000000000000e+00
3.000000000000000000e+00,1.264035832517159008e+00,1.700652629807471072e+01,1.458610497411583218e+01,0.000000000000000000e+00,3.594102942177155313e-01,0.000000000000000000e+00,-3.325046862258322022e+00,1.368147943581638870e+01,2.461516713608582485e+00,8.819444444444444642e+00,8.187081853630267858e+00,0.000000000000000000e+00,0.000000000000000000e+00,8.000000000000000000e+00,4.912650708040751546e+00,0.000000000000000000e+00,0.000000000000000000e+00
3.000000000000000000e+00,3.594102942177155313e-01,1.694398097656030444e+01,4.190277870691173079e-01,0.000000000000000000e+00,8.005843617163732606e-02,0.000000000000000000e+00,-1.680430504753726240e+01,1.396759290230420447e-01,0.000000000000000000e+00,0.000000000000000000e+00,1.694398097656030444e+01,0.000000000000000000e+00,0.000000000000000000e+00,8.000000000000000000e+00,4.878535078123801938e+00,0.000000000000000000e+00,0.000000000000000000e+00
3.000000000000000000e+00,8.005843617163732606e-02,1.688186999755641438e+01,7.416239377024419488e-02,0.000000000000000000e+00,3.061684032480786050e-02,0.000000000000000000e+00,-1.685714919963299963e+01,2.472079792341475013e-02,0.000000000000000000e+00,0.000000000000000000e+00,1.688186999755641438e+01,0.000000000000000000e+00,0.000000000000000000e+00,8.000000000000000000e+00,4.844656362303498831e+00,0.000000000000000000e+00,0.000000000000000000e+00
3.000000000000000000e+00,3.061684032480786050e-02,1.682019034479560560e+01,3.774513723337623305e-02,0.000000000000000000e+00,5.453415502557037303e-03,0.000000000000000000e+00,-1.680760863238447911e+01,1.258171241112648886e-02,0.000000000000000000e+00,0.000000000000000000e+00,1.682019034479560560e+01,0.000000000000000000e+00,0.000000000000000000e+00,8.000000000000000000e+00,4.811012915343057195e+00,0.000000000000000000e+00,0.000000000000000000e+00
3.000000000000000000e+00,5.453415502557037303e-03,1.675893902295674565e+01,6.952485559301984502e-03,0.000000000000000000e+00,8.184251296890479241e-04,0.000000000000000000e+00,-1.675662152777031366e+01,2.317495186431983711e-03,0.000000000000000000e+00,0.000000000000000000e+00,1.675893902295674565e+01,0.000000000000000000e+00,0.000000000000000000e+00,8.000000000000000000e+00,4.777603103430952736e+00,0.000000000000000000e+00,0.000000000000000000e+00
3.000000000000000000e+00,8.184251296890479241e-04,1.669811305751954578e+01,1.143064667367485754e+01,0.000000000000000000e+00,6.491498420457560314e+00,0.000000000000000000e+00,1.223213611483183083e+00,1.792132666900272753e+01,4.373323394164123634e+00,1.411111111111111072e+01,2.587001946408435948e+00,0.000000000000000000e+00,0.000000000000000000e+00,8.000000000000000000e+00,8.698113057519547553e+00,1.488447154227943714e-01,0.000000000000000000e+00
3.000000000000000000e+00,6.491498420457560314e+00,1.869811305751954933e+01,6.378312602832840739e+00,0.000000000000000000e+00,2.239290018569000118e+00,0.000000000000000000e+00,-1.657200885657526968e+01,2.126104200944279654e+00,0.000000000000000000e+00,0.000000000000000000e+00,1.869811305751954933e+01,0.000000000000000000e+00,0.000000000000000000e+00,1.000000000000000000e+01,8.698113057519547553e+00,1.488447154227943714e-01,0.000000000000000000e+00
3.000000000000000000e+00,2.239290018569000118e+00,1.869811305751954578e+01,2.151207998165240198e+01,0.000000000000000000e+00,2.451255863562877835e-01,0.000000000000000000e+00,8.198024919201438721e-01,1.951791554943968876e+01,4.198704269029615688e+00,1.234722222222222143e+01,6.350890835297324344e+00,0.000000000000000000e+00,0.000000000000000000e+00,1.000000000000000000e+01,4.744425304101571150e+00,0.000000000000000000e+00,0.000000000000000000e+00
3.000000000000000000e+00,2.451255863562877835e-01,1.863770949462010407e+01,2.674807004782324693e-01,0.000000000000000000e+00,6.680511937079947060e-02,0.000000000000000000e+00,-1.854854926112735924e+01,8.916023349274482257e-02,0.000000000000000000e+00,0.000000000000000000e+00,1.863770949462010407e+01,0.000000000000000000e+00,0.000000000000000000e+00,1.000000000000000000e+01,4.711477906156422257e+00,0.000000000000000000e+00,0.000000000000000000e+00
3.000000000000000000e+00,6.680511937079947060e-02,1.857772540090746816e+01,7.270225419819706381e-02,0.000000000000000000e+00,1.833694990533475677e-02,0.000000000000000000e+00,-1.855349131617473546e+01,2.423408473273269692e-02,0.000000000000000000e+00,0.000000000000000000e+00,1.857772540090746816e+01,0.000000000000000000e+00,0.000000000000000000e+00,1.000000000000000000e+01,4.678759309585891479e+00,0.000000000000000000e+00,0.000000000000000000e+00
