2.000000000000000000e+00,0.000000000000000000e+00,4.322349516238498524e+01,0.000000000000000000e+00,0.000000000000000000e+00,0.000000000000000000e+00,2.000000000000000000e+01,-2.322349516238498524e+01,2.000000000000000000e+01,5.993453128047514511e+00,2.000000000000000000e+01,2.322349516238498524e+01,0.000000000000000000e+00,0.000000000000000000e+00,2.400000000000000000e+01,1.048554281584635284e+01,0.000000000000000000e+00,0.000000000000000000e+00
2.000000000000000000e+00,2.000000000000000000e+01,4.322349516238498524e+01,0.000000000000000000e+00,0.000000000000000000e+00,0.000000000000000000e+00,4.000000000000000000e+01,-2.322349516238498524e+01,2.000000000000000000e+01,5.993453128047514511e+00,2.000000000000000000e+01,2.322349516238498524e+01,0.000000000000000000e+00,0.000000000000000000e+00,2.400000000000000000e+01,1.048554281584635284e+01,0.000000000000000000e+00,0.000000000000000000e+00
2.000000000000000000e+00,4.000000000000000000e+01,4.322349516238498524e+01,0.000000000000000000e+00,0.000000000000000000e+00,0.000000000000000000e+00,6.000000000000000000e+01,-2.322349516238498524e+01,2.000000000000000000e+01,5.993453128047514511e+00,2.000000000000000000e+01,2.322349516238498524e+01,0.000000000000000000e+00,0.000000000000000000e+00,2.400000000000000000e+01,1.048554281584635284e+01,0.000000000000000000e+00,0.000000000000000000e+00
2.000000000000000000e+00,6.000000000000000000e+01,4.322349516238498524e+01,7.480420786977754233e+01,0.000000000000000000e+00,3.013052808681496941e+01,0.000000000000000000e+00,1.711240794207519400e+00,4.493473595659250464e+01,5.993453128047514511e+00,2.000000000000000000e+01,2.322349516238498524e+01,0.000000000000000000e+00,0.000000000000000000e+00,2.400000000000000000e+01,1.048554281584635284e+01,0.000000000000000000e+00,0.000000000000000000e+00
2.000000000000000000e+00,3.013052808681496941e+01,4.322349516238498524e+01,3.285587123935960818e+01,0.000000000000000000e+00,8.226613927241896107e+00,2.666666666666666785e+01,-5.604871415931782508e+00,3.761862374645320273e+01,7.814601750246600531e+00,2.666666666666666785e+01,1.655682849571831738e+01,0.000000000000000000e+00,0.000000000000000000e+00,2.400000000000000000e+01,1.048554281584635284e+01,0.000000000000000000e+00,0.000000000000000000e+00
2.000000000000000000e+00,3.489328059390856396e+01,4.322349516238498524e+01,1.200875657281641296e+01,0.000000000000000000e+00,2.207762120309535447e-01,5.333333333333334281e+01,-1.255390963811284166e+01,3.066958552427214357e+01,7.814601750246600531e+00,2.666666666666666785e+01,1.655682849571831738e+01,0.000000000000000000e+00,0.000000000000000000e+00,2.400000000000000000e+01,1.048554281584635284e+01,0.000000000000000000e+00,0.000000000000000000e+00
2.000000000000000000e+00,5.355410954536429813e+01,4.322349516238498524e+01,7.090861654643170198e+01,0.000000000000000000e+00,3.294836518107648970e+01,7.105427357601001859e-15,7.079377019758915424e+00,5.030287218214390066e+01,7.814601750246600531e+00,2.666666666666666785e+01,1.655682849571831738e+01,0.000000000000000000e+00,0.000000000000000000e+00,2.400000000000000000e+01,1.048554281584635284e+01,0.000000000000000000e+00,0.000000000000000000e+00
2.000000000000000000e+00,3.294836518107649681e+01,4.322349516238497813e+01,4.806436495831955824e+01,0.000000000000000000e+00,9.054552088634508777e-01,2.666666666666667140e+01,-5.353735096117873127e-01,4.268812165277319082e+01,8.125774842878625392e+00,2.666666666666666430e+01,1.655682849571831738e+01,0.000000000000000000e+00,0.000000000000000000e+00,2.400000000000000000e+01,1.048554281584635284e+01,0.000000000000000000e+00,0.000000000000000000e+00
2.000000000000000000e+00,2.757212187553012228e+01,4.322349516238497813e+01,7.941185139389361769e-01,0.000000000000000000e+00,3.760428662374933895e-01,5.333333333333333570e+01,-1.629212232440534081e+01,2.693137283797963732e+01,8.125774842878625392e+00,2.666666666666666430e+01,1.655682849571831738e+01,0.000000000000000000e+00,0.000000000000000000e+00,2.400000000000000000e+01,1.048554281584635284e+01,0.000000000000000000e+00,0.000000000000000000e+00
2.000000000000000000e+00,5.370937619957082632e+01,4.322349516238497813e+01,5.209474909386462294e-01,0.000000000000000000e+00,2.874453894506256990e-02,8.000000000000000000e+01,-1.638317933207208910e+01,2.684031583031288903e+01,8.125774842878625392e+00,2.666666666666666430e+01,1.655682849571831738e+01,0.000000000000000000e+00,0.000000000000000000e+00,2.400000000000000000e+01,1.048554281584635284e+01,0.000000000000000000e+00,0.000000000000000000e+00
2.000000000000000000e+00,8.002874453894506246e+01,4.322349516238497813e+01,1.496672363338306013e+02,0.000000000000000000e+00,6.917253649724656839e+00,0.000000000000000000e+00,3.333225028222523179e+01,7.655574544461020992e+01,8.125774842878625392e+00,2.666666666666666430e+01,1.655682849571831738e+01,0.000000000000000000e+00,0.000000000000000000e+00,2.400000000000000000e+01,1.048554281584635284e+01,0.000000000000000000e+00,0.000000000000000000e+00
2.000000000000000000e+00,6.917253649724656839e+00,5.922349516238499234e+01,8.188884200264169522e+00,0.000000000000000000e+00,1.457997516215209899e+00,3.111111111111111427e+01,-2.538275598451915727e+01,3.384073917786583507e+01,9.706282996535328778e+00,3.111111111111111427e+01,2.811238405127387452e+01,0.000000000000000000e+00,0.000000000000000000e+00,4.000000000000000000e+01,1.922349516238498168e+01,8.977491955406378565e+01,0.000000000000000000e+00
2.000000000000000000e+00,3.256910862732632239e+01,9.552209492820594505e+01,5.719041850398642879e+01,0.000000000000000000e+00,2.555327406911315080e+01,5.555555555555555713e+01,1.020804457312286928e+01,1.057301395013288072e+02,2.638493279671096303e+01,8.666666666666667140e+01,8.855428261539273649e+00,0.000000000000000000e+00,0.000000000000000000e+00,4.000000000000000000e+01,5.552209492820594505e+01,9.501107153489785073e-01,0.000000000000000000e+00
2.000000000000000000e+00,8.110882962466871504e+01,9.552209492820594505e+01,2.489012369747584685e+01,0.000000000000000000e+00,8.959858270795919566e+00,1.222222222222222285e+02,-2.055872036238068290e+01,7.496337456582526215e+01,1.964078967715287405e+01,6.666666666666667140e+01,2.885542826153927365e+01,0.000000000000000000e+00,0.000000000000000000e+00,4.000000000000000000e+01,5.552209492820594505e+01,9.501107153489785073e-01,0.000000000000000000e+00
2.000000000000000000e+00,1.311820804930181339e+02,9.552209492820594505e+01,9.361126356308453467e+01,0.000000000000000000e+00,4.210790478429512262e+01,1.044444444444444571e+02,1.345943737060002832e+01,1.089815322988059734e+02,2.258191126398867254e+01,7.777777777777778567e+01,1.774431715042815938e+01,0.000000000000000000e+00,0.000000000000000000e+00,4.000000000000000000e+01,5.552209492820594505e+01,9.501107153489785073e-01,0.000000000000000000e+00
2.000000000000000000e+00,1.465523492287395868e+02,9.552209492820594505e+01,1.868714930931734557e+02,0.000000000000000000e+00,4.197135383329062108e+01,5.777777777777778567e+01,4.454618054729635901e+01,1.400682754755023041e+02,2.350093304959098361e+01,7.777777777777778567e+01,1.774431715042815938e+01,0.000000000000000000e+00,0.000000000000000000e+00,4.000000000000000000e+01,3.028477905174869989e+01,0.000000000000000000e+00,0.000000000000000000e+00
2.000000000000000000e+00,9.974913161106840676e+01,9.513652482453784387e+01,5.612157504513231743e+01,0.000000000000000000e+00,4.556970469869078499e+00,1.400000000000000000e+02,5.792889079395138197e+00,1.009294139039329821e+02,2.480883396168103872e+01,8.222222222222222854e+01,1.291430260231561178e+01,0.000000000000000000e+00,0.000000000000000000e+00,4.000000000000000000e+01,5.513652482453784387e+01,9.435127242701661920e-01,0.000000000000000000e+00
2.000000000000000000e+00,1.445569704698690714e+02,9.513652482453784387e+01,2.034073943210072457e+02,0.000000000000000000e+00,9.117426314475312665e+01,0.000000000000000000e+00,5.488816217135345710e+01,1.500246869958913010e+02,2.480883396168103872e+01,8.222222222222222854e+01,1.291430260231561178e+01,0.000000000000000000e+00,0.000000000000000000e+00,4.000000000000000000e+01,3.007446808611155475e+01,0.000000000000000000e+00,0.000000000000000000e+00
2.000000000000000000e+00,9.117426314475312665e+01,9.475363229103409424e+01,1.355338586316607632e+02,0.000000000000000000e+00,8.183573903126131199e-01,5.777777777777777146e+01,8.202098363963941097e+00,1.029557306549980353e+02,1.787544638215411652e+01,5.777777777777777146e+01,3.697585451325632278e+01,0.000000000000000000e+00,0.000000000000000000e+00,4.000000000000000000e+01,2.986561761329133802e+01,0.000000000000000000e+00,0.000000000000000000e+00
2.000000000000000000e+00,5.859613516809038458e+01,9.437339873345746355e+01,9.284044832768019173e-01,0.000000000000000000e+00,1.994210681280784714e-01,1.177777777777777715e+02,-3.406393057236519439e+01,6.030946816109226916e+01,1.853221799563189620e+01,5.999999999999999289e+01,3.437339873345747066e+01,0.000000000000000000e+00,0.000000000000000000e+00,4.000000000000000000e+01,2.965821749097681348e+01,0.000000000000000000e+00,0.000000000000000000e+00
2.000000000000000000e+00,1.179771988459058463e+02,9.399580568669733793e+01,4.994889147565363174e+01,0.000000000000000000e+00,2.690016008435899408e+01,1.444444444444444571e+02,9.320491471853884491e+00,1.033162971585512224e+02,2.633949774506380237e+01,8.666666666666665719e+01,7.329139020030684293e+00,0.000000000000000000e+00,0.000000000000000000e+00,4.000000000000000000e+01,2.945225764728947482e+01,0.000000000000000000e+00,0.000000000000000000e+00
2.000000000000000000e+00,1.713446045288034441e+02,8.662083481387304573e+01,1.732475809128727917e+02,0.000000000000000000e+00,6.251288392022156870e+01,6.000000000000001421e+01,3.779502549041788484e+01,1.244158603042909306e+02,2.034528115663025716e+01,6.666666666666665719e+01,1.995416814720638854e+01,0.000000000000000000e+00,0.000000000000000000e+00,3.300000000000000000e+01,2.924772808029440796e+01,0.000000000000000000e+00,0.000000000000000000e+00
2.000000000000000000e+00,1.225128839202215829e+02,8.624846790544337694e+01,1.275702184015416663e+02,0.000000000000000000e+00,6.635496054141601974e+01,2.131628207280300558e-14,-1.483617288270725965e+01,7.141229502273611729e+01,8.464051362909687626e+00,2.888888888888888573e+01,5.735957901655449120e+01,0.000000000000000000e+00,0.000000000000000000e+00,3.300000000000000000e+01,2.904461885751458183e+01,0.000000000000000000e+00,0.000000000000000000e+00
2.000000000000000000e+00,6.635496054141603395e+01,8.587868687832224168e+01,7.846363959223128859e+01,0.000000000000000000e+00,1.404586747992848927e+01,5.111111111111112848e+01,-8.613029236467383498e+00,7.726565764185485818e+01,1.529895123759138187e+01,5.111111111111110716e+01,3.476757576721113452e+01,0.000000000000000000e+00,0.000000000000000000e+00,3.300000000000000000e+01,2.884292011544850709e+01,0.000000000000000000e+00,0.000000000000000000e+00
2.000000000000000000e+00,6.515697859103961775e+01,8.551147377500056734e+01,1.182017208574539069e+02,0.000000000000000000e+00,3.746694246384809901e+01,2.222222222222224275e+01,2.722243317748404934e+01,1.127339069524846167e+02,2.198018271597875284e+01,7.333333333333332860e+01,1.217814044166723519e+01,0.000000000000000000e+00,0.000000000000000000e+00,3.300000000000000000e+01,2.864262205909122727e+01,0.000000000000000000e+00,0.000000000000000000e+00
2.000000000000000000e+00,5.968916468607034176e+01,8.514681076267417836e+01,3.175922325306727600e+01,0.000000000000000000e+00,1.629412696180324716e+01,4.666666666666668561e+01,-5.011595856720731490e+01,3.503085219546686346e+01,7.146177855159820957e+00,2.444444444444444287e+01,6.070236631822973550e+01,0.000000000000000000e+00,0.000000000000000000e+00,3.300000000000000000e+01,2.844371496145864953e+01,0.000000000000000000e+00,0.000000000000000000e+00
2.000000000000000000e+00,6.296079362846992922e+01,8.478468013237781520e+01,1.000793634171083113e+02,0.000000000000000000e+00,1.624121801706435519e+01,4.444444444444465070e+00,-2.698044788223060664e+01,5.780423225014720856e+01,7.146177855159820957e+00,2.444444444444444287e+01,6.034023568793337233e+01,0.000000000000000000e+00,0.000000000000000000e+00,3.300000000000000000e+01,2.824618916311518646e+01,0.000000000000000000e+00,0.000000000000000000e+00
2.000000000000000000e+00,2.068566246150881938e+01,8.442506429812519286e+01,2.168227623404788673e+01,0.000000000000000000e+00,8.453033861032432483e+00,5.333333333333334991e+01,-2.164208333122034134e+01,6.278298096690485153e+01,1.660900462507296638e+01,5.555555555555555003e+01,2.886950874256964994e+01,0.000000000000000000e+00,0.000000000000000000e+00,3.300000000000000000e+01,2.805003507170466648e+01,0.000000000000000000e+00,0.000000000000000000e+00
2.000000000000000000e+00,6.178636719436578062e+01,8.406794579605488593e+01,1.119907154778645975e+01,0.000000000000000000e+00,9.869861625081259859e-01,1.066666666666666856e+02,-2.700158861345938988e+01,5.706635718259549606e+01,1.614405824830051728e+01,5.333333333333332860e+01,3.073461246272155023e+01,0.000000000000000000e+00,0.000000000000000000e+00,3.300000000000000000e+01,2.785524316148449486e+01,0.000000000000000000e+00,0.000000000000000000e+00
2.000000000000000000e+00,1.076536528291748169e+02,8.371330728358228157e+01,1.611350418155033424e+02,0.000000000000000000e+00,5.356362495217256026e+01,2.842170943040400743e-14,2.333170665491884677e+01,1.070450139385011283e+02,1.614405824830051728e+01,5.333333333333332860e+01,3.037997395024894942e+01,0.000000000000000000e+00,0.000000000000000000e+00,3.300000000000000000e+01,2.766180397286307269e+01,0.000000000000000000e+00,0.000000000000000000e+00
2.000000000000000000e+00,5.356362495217258868e+01,8.336113153855740165e+01,4.413015039524007932e+01,0.000000000000000000e+00,2.414352468867917523e+01,5.333333333333335702e+01,-1.531774807347737521e+01,6.804338346508002644e+01,1.622407122601660134e+01,5.333333333333332860e+01,3.002779820522407661e+01,0.000000000000000000e+00,0.000000000000000000e+00,3.300000000000000000e+01,5.036113153855741587e+01,8.617947642961696353e-01,0.000000000000000000e+00
2.000000000000000000e+00,7.747685802201253580e+01,8.536113153855740165e+01,1.795932884599293402e+02,0.000000000000000000e+00,1.108133238205961391e+01,2.222222222222224985e+01,5.005885350364125941e+01,1.354199850421986753e+02,2.276146650333766530e+01,7.555555555555554292e+01,9.805575983001855178e+00,0.000000000000000000e+00,0.000000000000000000e+00,3.500000000000000000e+01,2.746970811194040962e+01,0.000000000000000000e+00,0.000000000000000000e+00
2.000000000000000000e+00,3.330355460428186376e+01,8.501140145842853713e+01,1.554775486573036147e+01,0.000000000000000000e+00,7.161624715727068491e-01,9.555555555555558556e+01,-6.495483169851759442e+00,7.851591828857678479e+01,2.145519996733664669e+01,7.333333333333332860e+01,1.167806812509520320e+01,0.000000000000000000e+00,0.000000000000000000e+00,3.500000000000000000e+01,2.727894625005193419e+01,0.000000000000000000e+00,0.000000000000000000e+00
2.000000000000000000e+00,9.627171802712828708e+01,8.466410005941168038e+01,6.928458125519444399e-01,0.000000000000000000e+00,2.542652632047439076e-01,1.711111111111111427e+02,-8.877595899672115820e+00,7.578650415973956456e+01,2.157261817305970553e+01,7.555555555555555713e+01,9.108544503856116137e+00,0.000000000000000000e+00,0.000000000000000000e+00,3.500000000000000000e+01,2.708950912331546590e+01,0.000000000000000000e+00,0.000000000000000000e+00
2.000000000000000000e+00,1.713653763743159004e+02,8.431921047566575567e+01,1.813154212390950875e+02,0.000000000000000000e+00,1.599539992696890067e+00,1.244444444444444855e+02,5.167481882625480694e+01,1.359940293019205626e+02,2.157261817305970553e+01,7.555555555555555713e+01,8.763654920110200308e+00,0.000000000000000000e+00,0.000000000000000000e+00,3.500000000000000000e+01,2.690138753218133161e+01,0.000000000000000000e+00,0.000000000000000000e+00
2.000000000000000000e+00,1.260439844371413756e+02,8.397671595847363335e+01,2.185160429364327115e+02,0.000000000000000000e+00,2.258884470174174908e+01,2.444444444444448550e+01,5.552863168700395136e+01,1.395053476454775705e+02,1.975130251636755929e+01,6.666666666666667140e+01,1.731004929180696195e+01,0.000000000000000000e+00,0.000000000000000000e+00,3.500000000000000000e+01,2.671457234098562594e+01,0.000000000000000000e+00,0.000000000000000000e+00
2.000000000000000000e+00,4.703328914618623457e+01,8.363659987542867214e+01,2.313729249176478575e+01,0.000000000000000000e+00,7.163983040565225835e+00,9.555555555555559977e+01,-4.813057933729297133e+00,7.882354194169937500e+01,2.095461891897359052e+01,7.111111111111111427e+01,1.252548876431755964e+01,0.000000000000000000e+00,0.000000000000000000e+00,3.500000000000000000e+01,2.652905447750655910e+01,0.000000000000000000e+00,0.000000000000000000e+00
2.000000000000000000e+00,1.027195385961208274e+02,8.329884570962708779e+01,1.434215131122423372e+02,0.000000000000000000e+00,2.043852985462589800e+01,5.777777777777782120e+01,3.561943643889813416e+01,1.189182821485252219e+02,2.095461891897359052e+01,7.111111111111111427e+01,1.218773459851597352e+01,0.000000000000000000e+00,0.000000000000000000e+00,3.500000000000000000e+01,2.634482493252387769e+01,0.000000000000000000e+00,0.000000000000000000e+00
2.000000000000000000e+00,7.821630763240372630e+01,8.296343705886577879e+01,1.067781125749078228e+02,0.000000000000000000e+00,3.591978813802067805e+01,4.888888888888893547e+01,3.040704491054792413e+01,1.133704819694137029e+02,2.303170716950673125e+01,7.777777777777777146e+01,5.185659281088009109e+00,0.000000000000000000e+00,0.000000000000000000e+00,3.500000000000000000e+01,2.616187475938134810e+01,0.000000000000000000e+00,0.000000000000000000e+00
2.000000000000000000e+00,8.480867702690960641e+01,8.263035763484587903e+01,3.229957532289940048e+01,0.000000000000000000e+00,1.438673792275441343e+01,1.111111111111111427e+02,-9.641610304990521740e+00,7.298874732985535729e+01,1.844453671755699276e+01,6.222222222222221433e+01,2.040813541262366826e+01,0.000000000000000000e+00,0.000000000000000000e+00,3.500000000000000000e+01,2.598019507355231283e+01,0.000000000000000000e+00,0.000000000000000000e+00
2.000000000000000000e+00,1.254978490338655490e+02,8.229959126238168210e+01,1.241914445755179202e+02,0.000000000000000000e+00,4.925774872409135696e+00,1.000000000000000284e+02,2.131977915167985316e+01,1.036193704140615353e+02,1.844453671755699276e+01,6.222222222222221433e+01,2.007736904015946067e+01,0.000000000000000000e+00,0.000000000000000000e+00,3.500000000000000000e+01,2.579977705220819928e+01,0.000000000000000000e+00,0.000000000000000000e+00
2.000000000000000000e+00,1.049257748724091641e+02,7.697112187861513632e+01,8.514220782988536484e+01,0.000000000000000000e+00,4.594208076359666393e+01,6.666666666666668561e+01,1.585405850912441394e+01,9.282518038773955027e+01,1.891783184714556043e+01,6.444444444444442865e+01,1.252667743417070412e+01,0.000000000000000000e+00,0.000000000000000000e+00,3.000000000000000000e+01,2.562061193379008728e+01,0.000000000000000000e+00,0.000000000000000000e+00
2.000000000000000000e+00,1.126087474302633495e+02,7.664493353223586780e+01,1.453184784554518387e+02,0.000000000000000000e+00,2.396428459962109514e+00,8.000000000000001421e+01,3.846122595291473090e+01,1.151061594851505987e+02,1.932254592787320746e+01,6.666666666666665719e+01,9.978266865569212385e+00,0.000000000000000000e+00,0.000000000000000000e+00,3.000000000000000000e+01,4.664493353223587491e+01,7.982020711398651880e-01,0.000000000000000000e+00
2.000000000000000000e+00,8.239642845996212372e+01,7.664493353223586780e+01,9.577186676576718583e+01,0.000000000000000000e+00,1.854851728278398326e+01,5.333333333333334991e+01,8.612355389686527474e+00,8.525728892192239528e+01,1.546627522993654402e+01,5.333333333333332860e+01,2.331160019890254276e+01,0.000000000000000000e+00,0.000000000000000000e+00,3.000000000000000000e+01,4.664493353223587491e+01,8.571116496440074339e-01,0.000000000000000000e+00
2.000000000000000000e+00,7.188185061611733317e+01,7.666883998010973755e+01,1.452501559634115935e+01,0.000000000000000000e+00,8.865173551889876435e+00,1.111111111111111143e+02,-1.404939033688492600e+01,6.261944964322481155e+01,1.717061680152101388e+01,5.777777777777777857e+01,1.889106220233195543e+01,0.000000000000000000e+00,0.000000000000000000e+00,3.000000000000000000e+01,4.666883998010973755e+01,7.986111654350328548e-01,0.000000000000000000e+00
2.000000000000000000e+00,1.199762846630009960e+02,7.666883998010973755e+01,2.577746522011907473e+02,0.000000000000000000e+00,5.904294306651593160e+00,0.000000000000000000e+00,6.703382186473160687e+01,1.437026618448413444e+02,1.717061680152101388e+01,5.777777777777777857e+01,1.889106220233195543e+01,0.000000000000000000e+00,0.000000000000000000e+00,3.000000000000000000e+01,4.666883998010973755e+01,6.816249619349334488e+00,0.000000000000000000e+00
2.000000000000000000e+00,5.904294306651593160e+00,7.911089377976679771e+01,7.436276786486269330e+00,0.000000000000000000e+00,9.467764489940799777e-01,4.666666666666667140e+01,-2.996546818427137282e+01,4.914542559549542489e+01,1.374832290638279275e+01,4.666666666666667140e+01,3.244422711310012630e+01,0.000000000000000000e+00,0.000000000000000000e+00,3.000000000000000000e+01,4.911089377976680481e+01,8.404003213649933191e-01,0.000000000000000000e+00
2.000000000000000000e+00,4.761344311566075049e+01,7.911089377976679771e+01,9.359003146161853692e+01,0.000000000000000000e+00,3.188675547458173298e+01,3.552713678800500929e-15,-1.247549959227278293e+00,7.786334382053951231e+01,1.374832290638279275e+01,4.666666666666667140e+01,3.244422711310012630e+01,0.000000000000000000e+00,0.000000000000000000e+00,3.000000000000000000e+01,4.911089377976680481e+01,8.404003213649933191e-01,0.000000000000000000e+00
2.000000000000000000e+00,3.188675547458173654e+01,7.911089377976679771e+01,3.128628507050160579e+01,0.000000000000000000e+00,1.102923209424733031e+01,5.777777777777778567e+01,-1.090435431182180892e+01,6.820653946794499234e+01,1.798385754566565709e+01,5.777777777777777857e+01,2.133311600198901914e+01,0.000000000000000000e+00,0.000000000000000000e+00,3.000000000000000000e+01,4.911089377976680481e+01,9.273930593620603346e+00,0.000000000000000000e+00
2.000000000000000000e+00,6.880700987202511953e+01,8.253335506646774888e+01,6.059871901708349640e+01,0.000000000000000000e+00,3.729675274952500530e+01,4.888888888888889284e+01,-4.556004282995488097e+00,7.797735078347226079e+01,1.798385754566565709e+01,5.777777777777777857e+01,2.475557728868997032e+01,0.000000000000000000e+00,0.000000000000000000e+00,3.000000000000000000e+01,5.253335506646775599e+01,8.989665038112126805e-01,0.000000000000000000e+00
2.000000000000000000e+00,8.618564163841389814e+01,8.253335506646774888e+01,5.096955407290624862e+01,0.000000000000000000e+00,3.317050034254172886e+00,1.133333333333333286e+02,-1.099059264387904022e+00,8.143429580207984486e+01,1.974127528084387961e+01,6.444444444444444287e+01,1.808891062202329891e+01,0.000000000000000000e+00,0.000000000000000000e+00,3.000000000000000000e+01,5.253335506646775599e+01,8.989665038112126805e-01,0.000000000000000000e+00
2.000000000000000000e+00,1.166503833675874944e+02,9.253335506646774888e+01,1.621131958182911035e+02,0.000000000000000000e+00,7.301936393317120633e+01,2.000000000000000000e+01,4.594882131740706654e+01,1.384821763838748154e+02,2.576075762267739222e+01,8.444444444444444287e+01,8.088910622023302466e+00,0.000000000000000000e+00,0.000000000000000000e+00,4.000000000000000000e+01,5.253335506646775599e+01,8.989665038112126805e-01,0.000000000000000000e+00
2.000000000000000000e+00,9.301936393317120633e+01,9.253335506646774888e+01,1.381968408103449804e+02,0.000000000000000000e+00,2.088813672627455276e+01,6.000000000000000000e+01,3.353225853698057790e+01,1.260656136034483268e+02,2.456438183003447051e+01,8.000000000000000000e+01,1.253335506646774178e+01,0.000000000000000000e+00,0.000000000000000000e+00,4.000000000000000000e+01,5.253335506646775599e+01,8.989665038112126805e-01,0.000000000000000000e+00
2.000000000000000000e+00,8.088813672627455276e+01,9.253335506646774888e+01,1.965179034098484010e+02,0.000000000000000000e+00,9.876201119708952092e+00,1.333333333333333215e+01,4.630594607014839426e+01,1.388393011366161431e+02,2.260537207268063753e+01,7.333333333333332860e+01,1.920002173313441318e+01,0.000000000000000000e+00,0.000000000000000000e+00,4.000000000000000000e+01,5.253335506646775599e+01,8.989665038112126805e-01,0.000000000000000000e+00
2.000000000000000000e+00,2.320953445304228424e+01,9.253335506646774888e+01,1.052564387918075184e+01,0.000000000000000000e+00,2.859105200255117829e+00,9.333333333333331439e+01,-9.024807106740855289e+00,8.350854795972689715e+01,2.438378270506265011e+01,8.000000000000000000e+01,1.253335506646774888e+01,0.000000000000000000e+00,0.000000000000000000e+00,4.000000000000000000e+01,5.253335506646775599e+01,8.989665038112126805e-01,0.000000000000000000e+00
2.000000000000000000e+00,9.619243853358842955e+01,9.253335506646774888e+01,4.204935014620149758e+01,0.000000000000000000e+00,1.482620510278745130e+01,1.333333333333333144e+02,1.483094982266081274e+00,9.401645004873383016e+01,2.438378270506265011e+01,8.000000000000000000e+01,1.253335506646774888e+01,0.000000000000000000e+00,0.000000000000000000e+00,4.000000000000000000e+01,2.865455730898241526e+01,0.000000000000000000e+00,0.000000000000000000e+00
2.000000000000000000e+00,1.481595384361207550e+02,9.216854010072837866e+01,1.588911050323713994e+02,0.000000000000000000e+00,5.556546841453983632e+01,7.333333333333331439e+01,4.746182824339544482e+01,1.396303683441238377e+02,2.651433470882176024e+01,8.666666666666665719e+01,5.501873434061725909e+00,0.000000000000000000e+00,0.000000000000000000e+00,4.000000000000000000e+01,5.216854010072839287e+01,8.927236808680792945e-01,0.000000000000000000e+00
2.000000000000000000e+00,1.288988017478731649e+02,9.216854010072837866e+01,1.027479459880969728e+02,0.000000000000000000e+00,5.817794886691963541e+01,7.999999999999997158e+01,1.985855300641503618e+01,1.120270931071434148e+02,2.359143223526527677e+01,7.777777777777777146e+01,1.439076232295061075e+01,0.000000000000000000e+00,0.000000000000000000e+00,4.000000000000000000e+01,2.845556732767003538e+01,0.000000000000000000e+00,0.000000000000000000e+00
2.000000000000000000e+00,1.381779488669196212e+02,9.180625857225111019e+01,1.916423653323464009e+02,0.000000000000000000e+00,1.263859420091091579e+01,8.444444444444440023e+01,5.874119653853097134e+01,1.505474551107820957e+02,2.632195680881412514e+01,8.666666666666665719e+01,5.139591905584447673e+00,0.000000000000000000e+00,0.000000000000000000e+00,4.000000000000000000e+01,2.825795922122788184e+01,0.000000000000000000e+00,0.000000000000000000e+00
2.000000000000000000e+00,9.708303864535531602e+01,9.144649288772158968e+01,8.072170850324519620e+01,0.000000000000000000e+00,1.215745519874744929e+01,1.133333333333332860e+02,1.768296550224901864e+01,1.091294583899706083e+02,2.490347273618593960e+01,8.222222222222221433e+01,9.224270665499375355e+00,0.000000000000000000e+00,0.000000000000000000e+00,4.000000000000000000e+01,2.806172339330268883e+01,0.000000000000000000e+00,0.000000000000000000e+00
2.000000000000000000e+00,1.254907885320807281e+02,9.108922557600129721e+01,1.874516079555708643e+02,0.000000000000000000e+00,2.745272117255737498e+00,8.666666666666662877e+01,6.028353263141121943e+01,1.513727582074125166e+02,2.696921245964873393e+01,8.888888888888888573e+01,2.200336687112415035e+00,0.000000000000000000e+00,0.000000000000000000e+00,4.000000000000000000e+01,2.786685031418253189e+01,0.000000000000000000e+00,0.000000000000000000e+00
2.000000000000000000e+00,8.941193878392236627e+01,8.673443928727907348e+01,1.147880243774246765e+02,0.000000000000000000e+00,6.219922532305957930e+00,6.666666666666664298e+01,1.152823550519585183e+01,9.826267479247492531e+01,1.795887534556821663e+01,6.000000000000000000e+01,2.673443928727907348e+01,0.000000000000000000e+00,0.000000000000000000e+00,3.600000000000000000e+01,2.767333052033404428e+01,0.000000000000000000e+00,0.000000000000000000e+00
2.000000000000000000e+00,7.288658919897260091e+01,8.638211679222852979e+01,1.007200842481503571e+02,0.000000000000000000e+00,3.907319970020573408e+01,3.555555555555552871e+01,1.608013351271048919e+01,1.024622503049390190e+02,2.101609117138227489e+01,6.888888888888889994e+01,1.749322790333963340e+01,0.000000000000000000e+00,0.000000000000000000e+00,3.600000000000000000e+01,2.748115461394283443e+01,0.000000000000000000e+00,0.000000000000000000e+00
2.000000000000000000e+00,7.462875525576126279e+01,8.603224098117138396e+01,3.240432520258838167e+01,0.000000000000000000e+00,1.747031623181348081e+01,1.111111111111110858e+02,3.247563085803051308e-01,8.635699728975168910e+01,2.354133421586462305e+01,7.555555555555555713e+01,1.047668542561582683e+01,0.000000000000000000e+00,0.000000000000000000e+00,3.600000000000000000e+01,2.729031326245711853e+01,0.000000000000000000e+00,0.000000000000000000e+00
2.000000000000000000e+00,1.285814273429245702e+02,8.568479486324658012e+01,7.998685767116178624e+01,0.000000000000000000e+00,4.414574445103895783e+01,1.111111111111110716e+02,2.097749102714070091e+01,1.066622858903872810e+02,2.445990813005986553e+01,8.000000000000000000e+01,5.684794863246583674e+00,0.000000000000000000e+00,0.000000000000000000e+00,3.600000000000000000e+01,2.710079719813450083e+01,0.000000000000000000e+00,0.000000000000000000e+00
2.000000000000000000e+00,1.552568555621500366e+02,8.533976156558514958e+01,1.631416495214688496e+02,0.000000000000000000e+00,7.760686699228195096e+01,3.777777777777772883e+01,3.792967716379334320e+01,1.232694387293784928e+02,2.080491895458583329e+01,6.888888888888888573e+01,1.645087267669626030e+01,0.000000000000000000e+00,0.000000000000000000e+00,3.600000000000000000e+01,4.933976156558514958e+01,8.443167754538634107e-01,0.000000000000000000e+00
2.000000000000000000e+00,1.153846447700596798e+02,8.533976156558514958e+01,1.114965116284561191e+02,0.000000000000000000e+00,3.275859239977876314e+00,1.133333333333332718e+02,2.738129786612242356e+01,1.127210594317075731e+02,2.276411885398661639e+01,7.555555555555555713e+01,9.784206010029596001e+00,0.000000000000000000e+00,0.000000000000000000e+00,3.600000000000000000e+01,4.933976156558514958e+01,8.443167754538634107e-01,0.000000000000000000e+00
2.000000000000000000e+00,1.166091925733111481e+02,8.533976156558514958e+01,9.971305915592728297e+01,0.000000000000000000e+00,4.124493091380411158e+01,8.888888888888882889e+01,2.789792481972391158e+01,1.132376863853090612e+02,2.389573862665266191e+01,8.000000000000000000e+01,5.339761565585153136e+00,0.000000000000000000e+00,0.000000000000000000e+00,3.600000000000000000e+01,4.933976156558514958e+01,8.443167754538634107e-01,0.000000000000000000e+00
2.000000000000000000e+00,1.301338198026929263e+02,8.533976156558514958e+01,2.351446740803592093e+02,0.000000000000000000e+00,1.114848152689793892e+01,8.888888888888830664e+00,3.970846312786790122e+01,1.250482246934530508e+02,1.425110599090307062e+01,4.666666666666666430e+01,3.867309489891848528e+01,0.000000000000000000e+00,0.000000000000000000e+00,3.600000000000000000e+01,4.933976156558514958e+01,8.443167754538634107e-01,0.000000000000000000e+00
2.000000000000000000e+00,2.003737041578676781e+01,8.533976156558516379e+01,1.617444312995708700e+01,0.000000000000000000e+00,3.655194402598809233e-01,7.555555555555550029e+01,-1.328161385559945984e+01,7.205814770998570395e+01,2.049045330914597685e+01,6.666666666666667140e+01,1.867309489891849239e+01,0.000000000000000000e+00,0.000000000000000000e+00,3.600000000000000000e+01,4.933976156558514958e+01,8.443167754538634107e-01,0.000000000000000000e+00
2.000000000000000000e+00,7.592107499581538832e+01,8.533976156558516379e+01,1.773112534771730111e+02,0.000000000000000000e+00,2.438023934436677109e+01,-6.217248937900876626e-14,4.043065626013917324e+01,1.257704178257243370e+02,2.049045330914597685e+01,6.666666666666667140e+01,1.867309489891849239e+01,0.000000000000000000e+00,0.000000000000000000e+00,3.600000000000000000e+01,4.933976156558514958e+01,8.443167754538634107e-01,0.000000000000000000e+00
2.000000000000000000e+00,2.438023934436670714e+01,8.833976156558514958e+01,2.533712767055801152e+01,0.000000000000000000e+00,7.488820897328096748e+00,7.555555555555550029e+01,-4.338496786510255276e+00,8.400126477907488720e+01,2.350068647334618177e+01,7.555555555555555713e+01,1.278420601002959600e+01,0.000000000000000000e+00,0.000000000000000000e+00,3.900000000000000000e+01,4.933976156558514958e+01,8.443167754538634107e-01,0.000000000000000000e+00
2.000000000000000000e+00,8.304437645288359704e+01,8.833976156558514958e+01,1.366096200526172879e+02,0.000000000000000000e+00,6.752685197336103329e+01,-5.684341886080801487e-14,3.275233400750951773e+01,1.210920955730946673e+02,2.350068647334618177e+01,7.555555555555555713e+01,1.278420601002959600e+01,0.000000000000000000e+00,0.000000000000000000e+00,3.900000000000000000e+01,4.933976156558514958e+01,8.443167754538634107e-01,0.000000000000000000e+00
2.000000000000000000e+00,6.752685197336097644e+01,8.833976156558514958e+01,1.012117395394670041e+02,0.000000000000000000e+00,5.235894704969723534e-02,8.444444444444438602e+01,2.984192939201494710e+01,1.181816909576000967e+02,2.522427724198540133e+01,8.444444444444444287e+01,3.895317121140705829e+00,0.000000000000000000e+00,0.000000000000000000e+00,3.900000000000000000e+01,2.691259721759189816e+01,0.000000000000000000e+00,0.000000000000000000e+00
2.000000000000000000e+00,8.449680339149408326e+01,8.799712433249081300e+01,9.662649727113074505e+01,0.000000000000000000e+00,6.745805210740314806e+00,9.777777777777771462e+01,2.865615253566387821e+01,1.166532768681546912e+02,2.522427724198540133e+01,8.444444444444444287e+01,3.552679888046364809e+00,0.000000000000000000e+00,0.000000000000000000e+00,3.900000000000000000e+01,4.899712433249081300e+01,8.384534645132115660e-01,0.000000000000000000e+00
2.000000000000000000e+00,1.045235829885180294e+02,8.799712433249079879e+01,1.408964323952868654e+02,0.000000000000000000e+00,5.948151694721572369e+01,3.777777777777771462e+01,4.563501979927147545e+01,1.336321441317622885e+02,2.550759667657061414e+01,8.666666666666665719e+01,1.330457665824140712e+00,0.000000000000000000e+00,0.000000000000000000e+00,3.900000000000000000e+01,2.672570418135862269e+01,0.000000000000000000e+00,0.000000000000000000e+00
2.000000000000000000e+00,9.725929472499343831e+01,8.765686652462628103e+01,6.187449963499273053e+01,0.000000000000000000e+00,1.823185052388723904e+01,1.155555555555554861e+02,1.074574446481572920e+01,9.840261098944201024e+01,2.341586757914256722e+01,7.777777777777777146e+01,9.879088746848513125e+00,0.000000000000000000e+00,0.000000000000000000e+00,3.900000000000000000e+01,4.865686652462629525e+01,8.326308710096476107e-01,0.000000000000000000e+00
2.000000000000000000e+00,1.337874060794427180e+02,8.765686652462629525e+01,9.994081366437072234e+01,0.000000000000000000e+00,1.160464141430675511e+01,1.399999999999999147e+02,3.010118247460840735e+01,1.177580489992347026e+02,2.500366775222074978e+01,8.444444444444444287e+01,3.212422080181846606e+00,0.000000000000000000e+00,0.000000000000000000e+00,3.900000000000000000e+01,4.865686652462629525e+01,8.326308710096476107e-01,0.000000000000000000e+00
2.000000000000000000e+00,1.516046414143066841e+02,8.765686652462629525e+01,2.765901404990414107e+02,0.000000000000000000e+00,1.832232552605691467e+01,1.333333333333324511e+01,6.898429141949856103e+01,1.566411579441248705e+02,1.934963805342925625e+01,6.444444444444444287e+01,2.321242208018184883e+01,0.000000000000000000e+00,0.000000000000000000e+00,3.900000000000000000e+01,4.865686652462629525e+01,8.326308710096476107e-01,0.000000000000000000e+00
2.000000000000000000e+00,3.165565885939015800e+01,8.765686652462629525e+01,1.605016706636046564e+01,0.000000000000000000e+00,7.622214148483269724e+00,9.555555555555547187e+01,-8.458861361725666939e-02,8.757227791100903858e+01,2.480596205916156549e+01,8.222222222222222854e+01,5.434644302404070260e+00,0.000000000000000000e+00,0.000000000000000000e+00,3.900000000000000000e+01,4.865686652462629525e+01,8.326308710096476107e-01,0.000000000000000000e+00
2.000000000000000000e+00,1.031777697040387380e+02,8.765686652462629525e+01,4.791497636221093614e+01,0.000000000000000000e+00,2.345563240342649181e+00,1.511111111111110290e+02,1.053701448499958815e+01,9.819388100962588339e+01,2.480596205916156549e+01,8.222222222222222854e+01,5.434644302404070260e+00,0.000000000000000000e+00,0.000000000000000000e+00,3.900000000000000000e+01,4.865686652462629525e+01,8.326308710096476107e-01,0.000000000000000000e+00
2.000000000000000000e+00,1.534566743514536711e+02,8.865686652462629525e+01,1.883013962170046511e+02,0.000000000000000000e+00,1.034779657623395366e+02,-8.526512829121202230e-14,4.966582110326413613e+01,1.383226876278904456e+02,2.321816188608338294e+01,7.555555555555555713e+01,1.310131096907073633e+01,0.000000000000000000e+00,0.000000000000000000e+00,4.000000000000000000e+01,4.865686652462629525e+01,8.326308710096476107e-01,0.000000000000000000e+00
2.000000000000000000e+00,1.034779657623394513e+02,8.865686652462628103e+01,8.365155268934314847e+01,0.000000000000000000e+00,4.771026396944410664e+01,8.222222222222212906e+01,2.144920659404367314e+01,1.101060731186699542e+02,2.526609652865090538e+01,8.222222222222221433e+01,6.434644302404070260e+00,0.000000000000000000e+00,0.000000000000000000e+00,4.000000000000000000e+01,4.865686652462629525e+01,1.049684207955203163e+01,0.000000000000000000e+00
2.000000000000000000e+00,1.299324861916662428e+02,9.257875779198181476e+01,2.342227931548002857e+02,0.000000000000000000e+00,5.600617964402167104e+01,-8.526512829121202230e-14,6.771772881517381393e+01,1.602964866071556287e+02,2.526609652865090538e+01,8.222222222222221433e+01,1.035653556975959511e+01,0.000000000000000000e+00,0.000000000000000000e+00,4.000000000000000000e+01,5.257875779198181476e+01,1.800391056328660966e+01,0.000000000000000000e+00
2.000000000000000000e+00,5.600617964402158577e+01,9.951990199857959851e+01,4.253365169076348451e+01,0.000000000000000000e+00,2.765041185017934922e+01,7.777777777777768620e+01,-7.564240323880653705e+00,9.195566167469894481e+01,2.415290088905042509e+01,7.777777777777777146e+01,2.174212422080181994e+01,0.000000000000000000e+00,0.000000000000000000e+00,4.000000000000000000e+01,5.951990199857959141e+01,5.331635087462212930e+00,0.000000000000000000e+00
2.000000000000000000e+00,1.054281896279570390e+02,1.012702320223642687e+02,2.331146699486538409e+02,0.000000000000000000e+00,2.779618743996567787e+01,6.666666666666580809e+00,6.087910240496481151e+01,1.621493344273290802e+02,2.599761189658005023e+01,8.444444444444444287e+01,1.682578757791982937e+01,0.000000000000000000e+00,0.000000000000000000e+00,4.000000000000000000e+01,6.127023202236426869e+01,3.628927994521719214e+00,0.000000000000000000e+00
2.000000000000000000e+00,3.446285410663225690e+01,1.023174212422080132e+02,3.814897955896432080e+01,0.000000000000000000e+00,2.363534400656131851e+00,9.111111111111101479e+01,-5.156650278108806162e+00,9.716077096409921410e+01,2.490732652384826551e+01,8.444444444444444287e+01,1.787297679776357029e+01,0.000000000000000000e+00,0.000000000000000000e+00,4.000000000000000000e+01,6.231742124220801315e+01,1.066394374198211814e+00,0.000000000000000000e+00
2.000000000000000000e+00,9.347464551176715020e+01,1.023174212422080132e+02,3.465339706681445531e+00,0.000000000000000000e+00,5.330792953516816368e-02,1.755555555555554577e+02,-1.671786356220307823e+01,8.559955768000493492e+01,2.490732652384826551e+01,8.444444444444444287e+01,1.787297679776357029e+01,0.000000000000000000e+00,0.000000000000000000e+00,4.000000000000000000e+01,6.231742124220801315e+01,1.066394374198211814e+00,0.000000000000000000e+00
2.000000000000000000e+00,1.756088634850906374e+02,1.023174212422080132e+02,1.171359852241430701e+02,0.000000000000000000e+00,1.962651113439790151e+00,1.799999999999999432e+02,2.117235161028412449e+01,1.234897728524921376e+02,2.490732652384826551e+01,8.444444444444444287e+01,1.787297679776357029e+01,0.000000000000000000e+00,0.000000000000000000e+00,4.000000000000000000e+01,3.417334732569918998e+01,6.852767929644620892e-03,0.000000000000000000e+00
2.000000000000000000e+00,1.819626511134397333e+02,1.018874423351502401e+02,2.079950002141043797e+02,0.000000000000000000e+00,1.032993176373701942e+02,2.888888888888882889e+01,5.633311329177342941e+01,1.582205556269236695e+02,2.674584839517786605e+01,8.888888888888888573e+01,1.299855344626135079e+01,0.000000000000000000e+00,0.000000000000000000e+00,4.000000000000000000e+01,3.375678672826376925e+01,0.000000000000000000e+00,0.000000000000000000e+00
2.000000000000000000e+00,1.321882065262590231e+02,1.014576684300450324e+02,1.028534655153908091e+02,0.000000000000000000e+00,3.473034062710965486e+01,1.066666666666666003e+02,1.060459785286300871e+01,1.120622662829080411e+02,2.409361781837682770e+01,7.777777777777777146e+01,2.367989065226725387e+01,0.000000000000000000e+00,0.000000000000000000e+00,4.000000000000000000e+01,3.352236459820638004e+01,0.000000000000000000e+00,0.000000000000000000e+00
2.000000000000000000e+00,1.413970072937762552e+02,1.010308790659474880e+02,1.281098257258505839e+02,0.000000000000000000e+00,4.710156792098703704e+01,8.666666666666660035e+01,1.945017395378044966e+01,1.204810530197279377e+02,2.409361781837682770e+01,7.777777777777777146e+01,2.325310128816972366e+01,0.000000000000000000e+00,0.000000000000000000e+00,4.000000000000000000e+01,3.328957039960772590e+01,0.000000000000000000e+00,0.000000000000000000e+00
2.000000000000000000e+00,1.337682345876536374e+02,1.006070535168784090e+02,2.377262765395419706e+02,0.000000000000000000e+00,4.172939116847942387e+00,4.888888888888882889e+01,5.641281644074672386e+01,1.570198699576251329e+02,2.361203555697480638e+01,7.777777777777777146e+01,2.282927573910063757e+01,0.000000000000000000e+00,0.000000000000000000e+00,4.000000000000000000e+01,3.305839282738822504e+01,0.000000000000000000e+00,0.000000000000000000e+00
2.000000000000000000e+00,5.306182800573677127e+01,1.001861712007889764e+02,4.001814442202023869e+00,0.000000000000000000e+00,1.505062822046593141e+00,1.355555555555554861e+02,-1.218556638672163217e+01,8.800060481406734425e+01,2.623497451574946382e+01,8.666666666666665719e+01,1.351950453412232100e+01,0.000000000000000000e+00,0.000000000000000000e+00,4.000000000000000000e+01,3.282882065497580726e+01,0.000000000000000000e+00,0.000000000000000000e+00
2.000000000000000000e+00,1.370606183776020828e+02,9.976821167856127204e+01,1.753955600840433249e+02,0.000000000000000000e+00,1.302449882399372427e-01,1.066666666666665719e+02,4.536364168278649345e+01,1.451318533613477655e+02,2.623497451574946382e+01,8.666666666666665719e+01,1.310154501189462195e+01,0.000000000000000000e+00,0.000000000000000000e+00,4.000000000000000000e+01,3.260084273376070030e+01,0.000000000000000000e+00,0.000000000000000000e+00
2.000000000000000000e+00,1.067969116549065092e+02,9.935315465301570725e+01,1.653405561085959334e+02,0.000000000000000000e+00,3.212542980473155296e+01,5.333333333333323623e+01,4.464925293873851331e+01,1.440024075917542064e+02,2.685233389207151333e+01,8.888888888888888573e+01,1.046426576412682863e+01,0.000000000000000000e+00,0.000000000000000000e+00,4.000000000000000000e+01,3.237444799255403183e+01,0.000000000000000000e+00,0.000000000000000000e+00
2.000000000000000000e+00,8.545876313806479629e+01,9.894097996792532967e+01,3.775822276447304660e+01,0.000000000000000000e+00,6.953281295082856417e+00,1.399999999999999147e+02,3.117609535656811204e-01,9.925274092149101079e+01,2.574465108784739442e+01,8.666666666666667140e+01,1.227431330125865827e+01,0.000000000000000000e+00,0.000000000000000000e+00,4.000000000000000000e+01,3.214962543705018305e+01,0.000000000000000000e+00,0.000000000000000000e+00
2.000000000000000000e+00,1.469532812950827747e+02,9.853166760703696525e+01,6.789418258681681095e+01,0.000000000000000000e+00,2.169049290387165740e+01,1.666666666666666003e+02,1.076639325523535717e+01,1.092980608622723224e+02,2.574465108784739442e+01,8.666666666666667140e+01,1.186500094037029029e+01,0.000000000000000000e+00,0.000000000000000000e+00,4.000000000000000000e+01,3.192636414929289046e+01,0.000000000000000000e+00,0.000000000000000000e+00
2.000000000000000000e+00,1.883571595705382720e+02,9.812519769309919582e+01,1.344542494279087919e+02,0.000000000000000000e+00,6.538765995193249125e+01,1.222222222222221575e+02,3.558177433842593018e+01,1.337069720315251402e+02,2.599182999435376118e+01,8.888888888888888573e+01,9.236308804210310086e+00,0.000000000000000000e+00,0.000000000000000000e+00,4.000000000000000000e+01,3.170465328714502107e+01,0.000000000000000000e+00,0.000000000000000000e+00
2.000000000000000000e+00,1.876098821741546487e+02,9.772155048689712942e+01,1.980718666780774129e+02,0.000000000000000000e+00,6.667308216654754460e+01,7.777777777777771462e+01,5.719129396135090815e+01,1.549128444482480518e+02,2.572855704787213682e+01,8.888888888888889994e+01,8.832661598008229475e+00,0.000000000000000000e+00,0.000000000000000000e+00,4.000000000000000000e+01,3.148448208376207091e+01,0.000000000000000000e+00,0.000000000000000000e+00
