468.5012498701412,62.87702235614119,117.63660472864598,87.33039239107248,424.5954011364139,32.24072773633422,335.78484738177787,20.033659630678333
484.944186119262,112.61098929314213,54.35302725680727,155.18683240417346,366.36671115404846,56.82219185552548,618.3373455696202,46.13576534024155
514.4091962958124,127.34897374343062,121.2970129958928,205.59891873415512,491.8202727130217,74.96967941316801,983.5185123089459,74.7627125120283
499.50242534601597,133.9233983776446,133.22531408693658,250.0905725965242,418.9835247377772,105.52588285693551,1241.1402950660781,93.47533444928762
481.86879857217593,136.87564868545172,175.98108504291108,237.39677488379954,423.678389775081,126.26546801359396,1392.4662240022571,117.03269833383072
488.31347177630244,135.91844426749088,185.18304142532787,217.36624377615266,501.40115600489446,147.6593117781889,1494.9538691509724,136.6083174263914
619.1193612804744,139.84807558681072,232.24832754980616,239.44154208806577,438.9160600679493,175.1630534400364,1770.6391281906074,150.367908883167
747.4170928113144,141.8826477950096,167.60723880709324,235.22374470368175,516.573361341094,184.70623902319278,1892.9186937084592,160.89329480044947
788.1411092631737,144.84570793281915,240.0928564724329,215.59583698455842,493.76176046626915,183.86585134324264,1758.8680057617232,179.53139840439948
866.7395003920407,149.0004609019414,187.2207473687601,227.5215350903974,500.1203123984152,155.44435272639436,1912.4786739609262,184.1534838113613
1035.513636919239,159.05767545030466,245.19521476355933,233.0454891927624,459.97004389200316,159.25146397117075,1643.4432131162855,205.44440645903217
1103.135724302509,164.3660196473225,221.0860849709038,229.98645892354807,479.2578783463804,178.69136980927925,1879.9134854343158,204.2869585508797
1060.1982999416773,156.4724320835393,179.22844653299614,225.5730325804679,383.01440662533196,191.44775097777588,1913.2187729498667,224.83601319748178
946.6204651393186,151.1766213652793,226.18173010755888,234.53563833187727,457.8788770843072,187.84341539799803,2179.5001423822955,240.01347630081875
895.4308723734255,148.8448506902914,206.37460465441006,237.19480763485245,572.0722509603847,200.45131989198632,2121.613711753025,250.22850994799109
946.4859745010642,150.49248646295302,154.33533607343557,230.03113722930314,655.8310042606576,201.59259568491746,2023.8157539534755,253.70597354883216
970.0957178634002,156.01861095871615,252.97727332277842,222.80925651668403,674.9614609628386,214.1219112883542,2069.0251939815066,252.62465143300625
923.3303165287275,158.33525549594327,293.6551773241101,257.7751928930669,680.6539138446394,202.44307731919645,2659.0610675047756,263.2421085842282
1002.4453822071551,159.5220825886016,236.88153252077265,256.1608526629477,612.0281156107645,210.44616671351895,2479.0047250319526,280.98336102978675
883.7161235847734,147.45821318310257,255.15782632588102,234.04306429296187,409.3708998943012,206.03168752603617,2664.9806844616937,267.4669381972561
910.7071210825643,142.7910220760399,109.1860713850518,238.94288310146845,516.6549990487807,187.3077817445791,2531.1924807047035,273.893792071711
897.8063095623173,152.66209055962935,141.38880141467024,241.86011586512788,556.0673717034916,216.1262866551373,2662.4620273545997,287.85217691886766
791.2684219184224,153.07386554690223,222.84949777151533,221.90256910703846,673.527809031331,194.9368816986249,2580.0903991929113,270.81196240553584
932.2807910565969,146.63181508186352,96.75769947175775,222.42217040379862,548.4063129323986,221.2349260991567,2755.912786330405,278.49116172801087
812.7180759298459,143.2402265973044,313.2713446576911,239.75727162124736,599.9840091622959,217.33666076373038,2645.0265669940227,262.0202833023186
884.74691930058,149.04093157676155,188.71759792045776,238.98597509044316,638.7483168511243,169.3507773836277,2726.3671975807806,256.6533197096328
826.4914180504916,142.5146176992022,249.97728480591942,244.3688250511802,541.1637475119833,199.7104396851571,2618.023456716732,258.53176861122165
896.0951414338701,143.35023383797042,188.6720490969862,251.00817110112592,639.5860734319031,208.97459181237087,2752.20450603649,245.10947325549105
797.3016796960251,147.39361395955936,178.43883039518502,257.24107232265476,610.1986054956911,195.6679330318009,2781.4647932126954,243.92089073776233
754.490202311651,146.5640549028206,141.5880220596589,247.513413628714,662.9330779891309,195.0044618599284,2645.521610561487,244.4976109104415
802.4431081615435,145.0455918527613,61.28870102760046,239.96542315937035,646.2137105425667,203.5992426697288,2530.566626929728,242.14057367392223
797.0386928400586,144.6057556181649,165.5870567820398,253.38607324570884,594.9861533558275,198.58326155804457,2589.278608396516,241.58719688587368
778.7351343209853,144.51987468150338,227.8994746924102,243.4609484959006,596.4120270500136,202.962953432317,2476.4644158758774,251.10779540042782
778.8312916457921,144.41038463493686,116.91706632273909,237.45510249966676,576.5252305320777,167.53816258514192,2725.1111145158056,240.70955529600894
743.9359767318052,140.2020257649871,189.53499801780197,253.61706733228257,618.5903834681299,166.71410092407555,2703.511407903788,236.4903656707486
661.1656582782568,142.58183639766088,162.4803893495422,228.2851240383553,617.9027151731434,181.41963663728626,2464.668170670058,239.1693167591386
765.9429339566033,143.704730300897,264.5481826740982,243.7762625696103,592.6087558692818,160.30579292754075,2460.076595455314,250.81216074474207
630.2166284032255,141.85525296495396,159.88893959541517,241.0305166143947,591.3967655834458,182.44627481428705,2290.9640973828864,269.0727935783478
711.6391330052751,141.26253163693553,218.02060417368315,253.8616991160964,655.1657800412529,202.31037206296946,2505.275716108804,275.85455142038285
689.9223132165208,140.54588707049604,170.31673170630086,246.31682488527306,660.9806383395812,196.02657303883356,2597.2456753799465,266.8133498822622
750.3711807148848,139.83335621404512,201.437232255172,238.8906698791068,637.6438900757423,194.04851903899467,2210.884419078803,274.33930738488516
628.6242252012105,142.7316470460594,196.74465708090113,247.40840328140126,636.709535563816,198.17386317995675,2215.675078197917,285.6268084287247
679.4499066138484,139.6928332187328,214.7834176557295,239.3756466696858,558.8663857558124,199.67731765306692,2187.864682998612,303.9880883910256
600.8346402699265,136.6088336613253,174.3446167291179,227.79207831370854,620.7295444098781,193.25457188231832,2169.410904875802,316.3403970376234
607.8327164987905,132.82246995442983,85.8387942197491,238.79687764820042,598.0791717546426,148.55375982317082,2285.6516883995137,317.73375744257777
600.2123695613597,131.65276660502974,233.79543496299274,251.6287749762668,463.21981433136955,165.31218352398093,2160.5277507729566,314.63545800182965
596.6681075002613,138.32272381656017,107.6404679286145,238.71951654549008,551.6985459286313,186.31703123097745,2052.298377281169,325.9192156488986
559.7699106246874,138.3810348991975,129.4414136434021,237.88180339422638,677.910160836236,171.37832857950133,2071.9527644089208,329.02398977784077
566.2755211957976,136.76257792347423,58.85254545210422,234.92296206677315,643.0098131798725,178.5383296545375,2046.030436357842,346.3084385494475
544.1595727584211,139.8874832123299,128.61480853856304,222.90239633181926,566.864435921431,175.19002058460603,1874.2690720789346,326.22657994384076
464.0368330282228,143.65198898471712,101.58654779576605,234.55198975899793,627.5595905121695,185.78463102857086,1910.6617656061442,333.05798691406505
495.2410580952956,139.51572270012431,126.70617741798007,224.48374440145986,637.6377944716627,169.23209879422595,2004.060050809609,306.8254069797528
509.59209385111126,140.35655573657857,79.83037534870041,240.77232407715235,595.4101200378351,162.04194834106625,2161.1038573026135,298.82504292087765
488.78308391083294,139.8604098496475,35.213791171877205,243.99700544355142,684.6621889820676,193.82446584762442,2229.4051500142536,292.9200988717885
551.8427064163006,144.1467101716834,159.72953928647084,237.55590806553292,667.6452084272414,201.9265666584009,2276.7935273749326,297.242603925107
511.5208578824975,135.0775873083186,90.0700783722915,236.67435937239165,669.618024008943,204.8981912662463,2342.605069802756,290.4563804992481
446.3614051245205,137.61286751758408,181.6951495191088,237.60705686762736,562.7466099993993,211.54138328945663,2480.159142991011,257.06171695918147
586.2211783282936,139.2384408002413,122.28218300185874,225.57593903046885,627.6961344743531,194.19299016508845,2389.544006788846,250.76723755757894
481.006680566307,138.67117519853838,133.7303222231337,241.17586340414604,633.5656841375444,183.52873333501122,2285.425047341329,247.02080756342218
429.47081791458334,139.94606780334723,143.07081233029317,249.88223061239,645.4491580463894,187.19520347678107,2111.208408362307,240.66282618296907
481.0118763162452,140.29291004743456,138.14143697582142,236.6391731738209,644.1861967271005,180.3136255852263,2260.4581320706484,247.04593285618694
488.7886911171061,140.2031553809654,144.04018207638893,246.1882663004121,604.6001244229269,197.22395386260757,2214.749423989158,259.16001001254705
474.68380821042115,140.8549175901205,74.76736727922241,231.3456087215378,621.0022161277899,185.21372218327062,2105.3670229149866,246.07060111152438
488.953596987796,136.28055673942035,47.05766387124582,232.67834914473514,621.0022161277899,185.90953749175446,2217.524448917374,255.40357666379512
453.8842993007215,134.66450320748854,101.20417333731847,251.89082367787108,604.2068090868204,208.24071218796922,2098.170455580142,243.81531230658408
465.02764875281537,128.38404088787573,59.86197290885217,218.9818422235055,647.1915069061253,223.2934335302205,1980.5812413603685,266.41515997092273
456.82623789574205,132.52675561979385,98.20725146976228,222.5519497533894,604.122893046758,212.93273156998504,1816.5017617670912,271.3609818492057
449.731904892918,134.4816513869061,129.46855460980936,252.99176836689608,638.0710322154608,208.61645792709834,1933.5745928041804,289.14276913924675
455.38166550350127,132.6760079272047,104.63874002356148,247.3406320367694,629.8520263480534,195.69584190684262,1857.919899684154,298.33204761612325
439.17718615923013,133.9065582292265,116.80721735510888,240.36621172543215,604.4127781462832,185.2548639390239,1934.0826342025439,281.827664385918
438.41451035428145,132.2859774692942,84.13417670688881,253.47701461743165,644.3428712644002,188.7160481717855,1997.5517204559778,279.107089291396
361.41447367267256,128.92043670937045,81.16432767736346,222.0701145124672,599.1882712119077,184.20411445964055,1927.461033199379,278.4526113619276
497.35884284447013,130.47867663047927,125.49662197791822,218.7775824283469,601.2681903375957,187.2266782368051,2008.151423663571,295.4705344452003
402.1445914599478,131.03045890146626,92.3883481480889,227.66753911021044,551.8106018320665,188.74331318740101,2065.3560635464437,274.620788863429
426.7580844524194,130.34947019776087,64.08057097555422,247.36566975969816,553.0663670668932,163.8361463804509,2002.4069286200574,283.05580076424746
353.65102749561396,133.16227516845237,79.85327532883609,247.38565315570153,566.6693089980329,159.33206376596928,1849.342681934385,265.22609848850357
362.4008672381277,130.17383411924862,100.13812981126142,237.883753882281,526.0194976198943,167.6078458877393,1793.4811821549736,255.7433950299663
368.21351613931654,129.92113444801475,116.53616286504129,234.00936710039673,617.9114136539228,187.8677731024975,1826.5780446291758,253.56037379140415
352.6366512755752,122.8916013494568,103.35060983212253,229.28605686553843,541.3503509922849,201.48546885201893,2004.3512292097334,268.666567527646
304.55148005686334,129.08103048813518,113.97616796531894,231.80765839640657,598.2994549773068,197.40936208013818,2014.5860851886384,274.27767201888327
324.11711420238714,132.17010224879525,98.9425873455483,228.6556244333086,595.2344510533353,181.14426924598186,2048.4840064777654,277.97724694594285
330.92039231924537,122.85391691679804,133.83050512067865,249.9623194970209,575.6231481473915,182.05966838608575,2174.2490698273505,242.95805841914208
386.50603878923584,128.57044549697318,104.41405953849305,238.4179026901303,504.1772256721179,162.13724909618384,2128.9240023572092,238.49604531634702
307.20561980387583,127.89662574414798,135.71531658395773,239.5683324491116,359.2382462663282,197.41489370743076,2155.018512717035,238.8340295713425
305.3733979526713,131.9321172479238,101.42033704379654,239.49636304411976,525.0587353479201,193.10906274160425,2143.361613653853,235.96089874939247
273.7825622333497,128.52922868854006,143.5857665311267,237.02783293174232,440.2993959587713,172.79755417909652,2093.6892385734127,228.61622996456828
268.729496509638,125.67003722922234,118.39609569316838,230.77116928177634,507.1511338350775,173.06171222376602,2087.981493111931,237.37958126825697
274.19872270307525,132.15100808047288,76.54024422089154,234.2834446001283,607.993508312437,176.73412234067925,2174.619154935216,245.67264790616235
285.6754467222519,128.8922145973073,40.683715941163314,220.3584961583651,591.0789362791294,169.881990337963,2038.7834340492136,246.18811991724948
322.3676369082899,128.67552833460377,139.97419194694328,229.39391132438183,605.2024139326678,160.46180189508436,1993.8161590890727,258.81127073717033
266.65407633005594,126.134265684685,55.83629173922258,233.52086783534068,502.9329605833641,181.87999539214127,2185.0044344209173,275.4951481216188
309.5132263369496,123.98893764116818,97.06049483076634,223.75986853856654,601.8533340290256,187.0154278082583,2150.8084047070197,281.998986203635
257.7267315006636,118.68578004718593,19.27722602334023,240.35070531214689,594.3539686413637,194.529177499382,2043.1905109244753,279.209447148684
317.5132443251677,116.45083290372847,74.64723844305293,229.3149549934347,522.7452667811957,171.54618391382354,2043.3080455844522,281.3032295248766
260.1502644707963,118.27333438417752,18.575764003619703,232.21692700216067,545.2868756455838,181.766719323553,1952.010665423245,283.1457438388247
245.865185035183,118.67015690528766,81.45854228605866,220.58308186157745,598.8137388069241,185.53413629573225,1875.1036364686513,274.3408756971189
273.8948995282029,122.83514640500465,36.47100467411143,239.5929520526482,589.9986331653605,172.2734025921508,1999.086002537124,267.87218676784363
265.0569802996972,122.69838217018356,56.461173398543885,228.8717772541827,472.31334993407904,176.86538716286654,1976.434063605741,262.9685834266065
254.91379378650825,124.24039825605622,131.75289140793726,239.88419073245242,550.0295841934746,163.10130071649084,2097.944150948198,261.0372973533077
239.59781185293824,121.53374874677289,53.28805497497674,229.17089875309287,385.2955358709935,189.5981077943416,1936.7059819076012,255.20358551196222
200.31349609126912,118.25498529362713,19.74039493160862,217.673614162763,548.5217302156814,176.65157103451645,2078.480105262921,251.56635452694223
233.2536492146838,122.32419827429504,74.74874079424785,227.0887086332794,588.4023297758933,195.59222287970067,2129.1255354231753,253.45348711998804
266.44363676664324,122.19523298538695,56.941936282483056,236.1686738178312,574.4308699774613,173.08314012250588,2039.662316821303,252.70911126204834
249.6446385197824,121.98049647449864,17.523158346344207,234.7627390949331,605.3057434489847,167.46510291493632,2072.6614451319706,229.1145489464862
192.409701940455,117.8016270865562,19.66046661236418,202.80228735807734,512.9041508671536,180.99169881437592,1915.5878297484628,236.42531578701553
218.37750095747938,120.43324456400303,35.71615679011063,225.2331783887089,589.2930823818941,178.4898011977407,1903.4149710412248,235.53732410796147
201.14102607645748,115.53104211790645,94.16707038481003,246.94724307319655,585.776486521501,173.1148882388981,2092.19614396947,235.92142977560624
183.673002601577,117.46563842397143,76.2669031628864,244.64915435707377,566.7628544780388,176.1941464539105,2121.0458709235336,224.61733814887032
185.10048039329712,120.401270687782,36.722880231415296,246.78990870860773,585.448304057385,173.02752198882467,2059.5196344697847,238.86266968822932
198.138274089968,118.28108375290562,54.40907907895209,238.8906070702141,592.9881097242716,172.65838711999078,2111.551499539246,243.37702734046835
171.79680437771597,118.95016205487376,55.4337998695908,232.59139310719237,575.0362079089315,175.65239460200942,1946.0542434051508,231.40633453836904
162.28436880971813,114.15842751014682,36.014475579451386,236.7321516428178,487.0374024461361,174.5794139640185,1947.3421924407908,231.89658503166578
165.64427427856455,122.68807868688663,55.247014932854384,256.4503951867954,495.3785520425582,200.04047501934244,2005.1936242011639,259.94977649096575
141.68886430818316,116.02845264114436,18.212481624585546,242.01854334198268,559.7537559105612,168.89977339445073,1989.4776728581994,260.23487504373134
202.11763540960442,113.66065756890252,93.83070962426723,239.49433921038917,603.659620379423,175.14362526427792,2020.098532440096,255.52384177849737
141.8257956816537,114.69662334899128,18.984962594162358,235.6485805367218,467.124373932936,197.27497776564942,1893.1079450055593,267.87852529079066
159.72712562422606,113.73057248273265,57.12848926142166,242.42508425245137,491.4519088892546,200.4884853907786,1790.211668592251,280.87449358569756
154.02142867335473,111.17557659965595,0,225.10258990371094,549.5209157288355,174.64217633656762,1840.419789586723,306.65298174055084
133.5351875230376,110.88234039508079,18.370266313410394,219.0767007835636,570.039374378864,179.78377721253742,2017.0949519986846,306.7158365735842
109.82829455022579,106.25278245680593,39.274528691025864,211.31305245517288,534.3388504414277,176.4048091521965,1862.1845490731014,302.86490965140683
142.66873801077395,111.99562469896668,39.180530854694446,222.69646411086035,484.5340017472039,179.33904557795876,1780.827539229382,312.58229865793925
115.12323744670272,113.23596921331946,0,228.50777509120144,570.4313584065674,169.16794221737894,1874.5760074434088,319.4579163662175
144.05095153049513,112.19322822374056,18.701246854962417,234.11846927563099,575.2903233941354,180.04894371000904,1853.8145820606449,319.8215249511236
109.51894645579976,110.10772522610888,36.38924844104842,236.3122304799883,548.2047152619448,169.49337799679745,1804.6478397002627,323.4885756230503
90.62740045314276,109.32721880447512,20.794179910897604,234.49796537183977,548.2047152619448,156.78755820907708,1826.6845558332022,302.9191334033542
106.98484413784958,113.37539346039446,19.931802522488475,240.15616362961782,544.8440058709575,160.58856265125974,1758.882471062853,304.4996422962613
103.96865821310648,115.7738309470956,38.250399081463,230.08209526757435,520.7160647556773,187.38221981269595,1795.6216058775954,308.4605445552299
102.67600728555318,113.47597712363796,18.776917012983198,232.85546537504803,488.21103665428114,185.3315491480778,1903.6370741469013,303.774267932367
100.14278703583341,107.03499851887634,55.276748195649546,233.80118352953428,545.8524753960369,180.78631484564423,1806.6255284600988,328.237954129746
92.27832152908353,104.74259552129644,0,236.64583729574014,490.3092129981463,171.92619349798545,1738.1623471887337,328.4033697442321
74.91917232045732,106.14198962159828,19.39967970002137,235.12455490189004,471.9394772321895,206.7751374761816,1884.844698424005,311.37113301447494
114.91924837668523,108.45665384184511,36.025951031332085,237.8552380470943,485.2367642691009,208.6621009009173,1642.7642805571359,301.6344861218771
80.09797473913359,109.87380857341313,0,214.68343354977634,540.2129351750584,220.47242837813224,1853.4653471700813,293.99411817871805
96.44338687646935,108.76320750197982,0,221.63699971966565,568.0311213552379,222.9601982717012,1706.3715517528012,302.8903107706887
92.81408439154686,109.8228312289184,17.8656273541433,229.94551947124134,452.20055092576763,182.5362011129105,1843.4703380325636,294.6276328598796
113.89093831392707,110.16644424838964,35.147103147503316,241.55801859839846,503.04295848783863,203.8055016533162,1777.8797917750169,273.59381651258946
82.61006658603426,101.82178884418191,35.39602515195287,237.74983291371709,440.01251512410437,199.53421928632494,1779.13351253665,273.0033081046344
96.10204866744905,100.51240785453565,17.683887748896325,250.47783003496082,514.5511225869326,189.65579065199648,1766.202281931775,277.86097871839183
73.83262383219879,105.37119400198836,34.89880757683414,229.9948390264857,533.3977432085394,199.34263494411937,1832.3629790440518,288.2737490624659
70.05896461841405,101.1599029326507,17.33120113325421,242.9930448495238,522.043523280282,167.97570880671492,1766.5457327831296,301.32370094033945
91.52414298152229,101.77767868923807,0,222.97063095663574,473.8435187611002,141.7426477636594,1605.5751078911628,310.2805293711251
96.5992461541539,103.04203138784361,17.53678838388349,246.81062404066495,530.0060034869705,140.90676822591047,1616.3749295997716,315.48897156609024
77.37710032159762,100.00751836279349,0,256.185194930474,488.8286671253936,164.85164818348792,1714.5072596258924,305.0087471332956
107.79050623172795,99.08302023249998,53.91691892684581,225.37757291998145,487.06568454987547,191.28944529480745,1626.2144606383008,300.7861388395584
73.74536907229398,98.48947027932803,18.670684220269617,230.76516958036203,516.0800955414896,181.66781442976406,1692.4952446262628,291.6887464781844
71.48493701035642,98.59099589645689,54.371434534649566,238.04729334773918,516.472093705575,165.83301106229086,1791.422140281859,283.4031732202788
53.49679718712341,99.86360169910455,18.588085118937727,233.46030910865008,508.76728647124526,177.02359851050255,1734.570659946428,265.92166462248247
71.44711106044238,99.53735497862228,17.949384694810604,221.67047889535107,488.2878308661664,195.11183174167337,1739.8747898937338,275.5167120899223
71.84677347159017,97.53279897516725,0,211.79205691867287,477.23384332056736,206.64361617577924,1547.7374731068692,281.8254327626873
62.56308245525487,92.260730517606,0,225.74787878005313,538.0755142979853,195.46870661545293,1653.1428148682353,286.97789990519414
82.73881590291859,94.50947527387521,0,231.49296729178548,557.3850770054395,212.62983882815098,1683.4578605999052,283.66899379456254
74.05093292327703,92.85467009676911,0,222.05857326074008,532.9916662840525,200.69050817659,1707.1978636189317,267.53196643336463
73.15792743358742,92.22288086508253,0,226.75585169172803,576.1337015654398,179.9404317556987,1764.1952351930227,270.15645367084625
59.937432393268466,92.69096548391836,17.715325922440925,225.10010885007407,523.0776939392124,194.34877403490404,1711.2159795583364,267.2915008320701
57.90338565283328,95.45211988309714,0,228.66023039419952,488.8540774506212,196.7466605667962,1562.1435035973382,277.2020743340713
65.47187448825062,94.75487779949532,17.35873956705913,225.46343495431648,525.4947145957865,191.98617949062876,1659.5027623265833,288.4486070494482
53.628163041562836,94.43186611365905,18.17559280236401,217.1962989813494,486.531548372287,178.66377203465564,1493.213374699124,265.1343480064211
46.693321959636066,93.02134605860834,18.10990284762141,198.96548207989113,488.60430846204963,163.95801328978936,1630.2351224149588,255.93487658527116
46.99141596533587,92.6530786436215,17.86358594111827,211.57780656677124,517.0647172967194,162.3774952335654,1516.396715462409,252.78113962823465
58.340831689454276,90.44829938360449,0,214.04195263180296,532.2603460089969,165.47854236908162,1655.5998359172065,261.8823600886153
49.31433017072806,92.85131561614536,17.326525406991752,213.37767909943352,543.6068783323498,180.97268859552463,1617.6079417686642,265.1573701648235
40.17290862625011,89.23284796900367,17.41323659973804,217.11463234776053,505.2454325889784,192.56596896577966,1626.9559880032261,268.51284583965963
48.98366727145778,85.12233321761629,0,220.16408784484705,446.3417094120997,192.36031174056848,1573.6483790597035,276.3722547033174
51.47894254780386,89.31006853645079,0,220.1372612283618,494.0118329881291,164.33862167713454,1595.8497370102214,278.61145163285016
36.48128918974048,88.71858693471147,0,224.64808639704074,522.7123496364197,173.7613932460537,1610.807189816552,294.76729841651945
39.927964043531546,86.6934405183563,0,228.25998954800582,517.8349312122099,147.8172248144524,1551.7721103425963,292.226517999816
28.7061858178281,82.89464333156737,0,206.3708910687682,542.4217402487227,160.3923319312073,1534.9203668180012,310.5220362170172
57.58265069796864,81.98197175865653,0,214.88192215656096,451.51739681033547,167.72922150673912,1507.1941509816538,302.04764154158016
11.18634419357329,80.9274118216218,0,209.8195537447585,503.3383470132065,176.09663006993406,1570.8838496781368,306.6981458104723
29.626100480429866,83.92254199176885,0,221.90176959732065,461.0376486981767,184.75507281545367,1504.4891559675027,313.4263340411949
25.112331151725584,84.56316613999037,0,229.97166666971262,410.33782269272314,207.1770253464953,1570.1759207517302,311.8385037857503
24.699648950403038,84.37338724710771,0,215.81696248783598,500.9796397940519,204.17492793061734,1565.3025484287102,308.51272088472217
24.418979010350704,84.8235022751998,0,212.74898331528487,492.9296286659201,209.5071490516491,1532.682540875195,297.969199097605
13.369277018145443,78.56751572813864,0,213.23052505316315,516.8430377816455,179.59844115807627,1521.9666636217655,294.2650711481235
11.07684763828878,85.30073706145693,0,225.5866374164404,434.74265487641617,155.0322951833277,1423.7145263217092,302.148179968969
15.780966693602743,84.84223462552431,17.43954397840814,224.1838421441362,469.1975211897062,157.25544821593402,1405.8074339213192,305.1469401735237
4.3420743243222315,76.93947387173397,0,223.7591105425362,445.792114599041,144.3588606768949,1544.1755122904224,281.58256852522453
13.670091095771074,80.32492297033099,0,190.1025528567833,398.96093944138335,150.21869820367695,1489.298296782831,292.0133090058186
9.185828577085388,86.50112107490608,0,197.68487475674962,528.5132271109392,152.874297630972,1478.973443738766,298.07460766462634
4.209993869722228,84.6350925077607,0,198.2165388074815,412.9695259156997,167.61040491858378,1541.3941916446856,291.06665340687204
2.1227301707656636,80.71292651853463,0,189.0370289391395,531.1549530145276,177.38246783752493,1490.6628951810278,287.08127009192964
0,79.46893180825165,0,210.99023766490419,543.4024823285216,179.06817290657162,1465.369957056319,275.0657390966258
0,79.77153258263141,0,199.53507015516755,519.9654513867767,192.57492574268298,1463.223599609842,287.0178374272834
0,80.43941049327246,0,199.83925847717316,460.99847544495674,206.43145630393423,1419.488537951587,281.9306801395815
2.2463434132409956,79.39268224069207,0,203.00670242686783,484.3372481130564,203.81839094736506,1334.2370355895798,299.9760697533591
0,76.75441895446671,0,203.28516107650304,484.3372481130564,182.00411874902795,1445.2853955483642,280.6058172524443
0,78.72329718338054,0,209.41315341523136,479.41068531905506,171.17762674315847,1421.666265089481,275.1685004650932
2.1501302398859146,74.83900379821952,0,190.7560527412594,320.93091767582655,177.5722980158598,1452.6128311755779,294.2281554663921
0,79.27977366775666,0,214.419747932201,498.8803195887063,190.8669007207594,1430.7801404083439,308.32410843162114
0,76.82053890849225,0,205.87496364011872,507.1845758298048,170.88281866211062,1375.2109691585756,327.2835132405838
0,74.39143155726259,0,204.86919265380817,514.7033714666379,166.31639192793315,1402.6527983391634,300.89748708978453
0,78.68999195518373,0,192.10614168034488,513.8099627885535,183.31027509818804,1365.2156278188659,291.56100170657817
0,77.44246778202532,0,189.98310964730086,449.33609068630955,184.50709220745614,1449.1596455917659,297.48382684146685
0,79.15250316265416,0,199.88856654869338,508.4396082110768,192.81177761355804,1387.8997209691056,310.94376299056364
0,78.66180464423388,0,192.3369216312617,508.4396082110768,184.55453609167085,1307.8907357594474,316.05187237209503
0,77.788811048693,0,191.35167848168953,424.4962004459478,169.26899579498163,1404.4332075494403,325.9297578878065
0,77.46274697127527,0,180.85180269679674,474.0493529066472,168.1528381661383,1334.0919551734612,303.9064830148326
0,76.15016342909047,0,181.67876760266677,493.3304060814088,178.76279433653897,1331.1925795161937,289.0240810428481
0,76.21050669749432,0,191.1663801442366,501.4993293686335,163.358346091421,1400.6790630693401,292.826154016484
0,74.7440033134153,0,194.96606408878486,492.0208128257775,167.83879254019652,1379.6697883997267,286.27205412065246
0,74.32025964058066,0,178.85168255443082,489.5440674603415,150.71536498022698,1201.745183426916,278.9020389500888
0,71.78571003831797,0,185.48176275034072,485.67440794438727,167.23890032512668,1364.739215526507,252.8408917426492
0,68.61857458933765,0,176.3636512272511,406.16025564548886,170.64618773139767,1160.195339892182,260.763748499206
0,71.5559832317606,0,184.6766754912668,483.4572775833015,173.33843667613704,1383.3314944180224,262.9952965772285
0,71.26237287383796,0,178.51929176974107,411.88406368115017,184.80726039570638,1341.485067290333,252.62359836031078
0,69.17443582199334,0,180.2866944983846,454.24811252043327,185.92988263911127,1242.26897793892,258.860039224548
0,69.37796686960606,0,187.30220459584103,467.7587026293958,180.8193698557873,1309.5511395175076,243.31027378237877
0,69.71112267998713,0,174.7505272479353,357.3528425589413,174.07461986011396,1302.2362234701511,240.5464577855576
0,68.28615546188317,0,180.64892895928523,439.95569105421316,171.55615158188738,1339.4710965889633,250.42989114088536
0,69.15626956537542,0,194.0992714631459,424.97089476922963,152.67527872043806,1289.5566751394729,242.64945862237101
0,68.48663282181276,0,184.30841945547564,428.3119645298334,166.6698017551012,1263.11532507502,234.9444527666402
0,63.8176536399297,0,167.73585772132583,454.0366345446261,156.23059283371367,1228.9599850081233,238.16165052370866
0,61.20031995622758,0,181.6908455456262,414.36294562852146,163.78723501604395,1325.9988995668014,246.58132909336018
0,64.7824056175109,0,178.94416422507894,401.40226274070847,166.17439215298802,1271.3660353061393,249.94784521886046
0,67.6029055149839,0,183.5857685018472,486.821383905526,150.34666506710508,1169.6408949554216,250.94652002789917
0,68.06225719453766,0,178.41464344806383,426.0548522520529,151.14148459981564,1332.0535381477112,262.3142121758806
0,66.70096711396833,0,172.2234371440155,452.2117133522237,126.01923537079762,1288.9499856418197,277.9597680129813
0,66.38791798122051,0,172.4930702815606,478.45069360673006,105.37891094317044,1303.2153575778748,281.0819708618381
0,63.119085812334674,0,153.6172658919258,466.2762725049415,136.14399810326424,1252.501197526048,283.6018225153936
0,65.84877386734452,0,169.5750788247896,414.29697574643694,130.98752734316326,1241.8107506326971,299.0155656183438
0,62.040275122650705,0,162.38144278442246,384.62044319200174,156.21220809814383,1266.163750275008,300.2113729149119
0,60.968662539404846,0,162.69331582551945,458.2013381783333,177.02202142712633,1195.0832029535586,310.4844440975694
0,62.0454121589499,0,164.4435319127471,455.66668348447,157.9455054040863,1231.088100911608,312.42082376321576
0,58.568911547270986,0,177.51613646645455,468.1398049118467,160.1168041859866,1240.0408729767726,323.49162304103356
0,59.934945700180556,0,171.09025663575883,345.2935980738839,139.96338175128864,1163.6191270146533,327.2513657925528
0,58.00871161089984,0,177.40623320169394,370.3203627847206,135.50501147390776,1241.969215853588,333.0683797653327
0,58.69557427635902,0,161.76833399518037,399.6062861463081,142.46786597737622,1220.8099597456417,324.90898549537735
0,55.218440326312376,0,161.49799321129248,403.9354173309074,153.887567588055,1181.633327673337,299.0168364508727
0,55.47503329844171,0,162.8908937073523,419.3091464281499,162.84341183102137,1156.2832650425598,291.3846168257152
0,56.40267882868226,0,159.46113080189497,391.0562303581653,149.67534335400697,1071.6438335667422,294.1644344654961
0,56.37919311647428,0,166.29021942418734,344.3736573111453,157.4651196784387,1120.8455158518127,307.72795034269626
0,50.99031156631255,0,170.89236111454653,371.9718991259472,163.72407085750854,1154.4749116467815,308.43986652711067
0,51.193088240828146,0,166.094972988565,441.8985987969933,163.17151469416103,1165.1448288101924,286.1700539037084
0,54.84160586652879,0,153.9231697613913,422.5847851448521,167.3782663266879,1216.8759203680388,287.19548982902813
0,55.082797693443766,0,157.28330201178062,360.1638927051393,146.98354287560443,1048.7959859500713,275.89536022851763
0,55.39663018888572,0,146.17465310815112,371.39586161882136,152.11078206943478,1208.1759910786918,287.2611525578718
0,55.19422545400909,0,156.66668764399603,375.06721530690464,150.25827484386565,1042.1508645856204,283.85080910377695
0,53.48908947227511,0,161.93572272801467,358.3327155582383,154.4126109831907,1183.1579680941516,286.22271825637654
0,50.603280135603505,0,157.78299785560367,408.70535782107396,162.49303956754326,1089.0929543012755,279.96931310043846
0,54.06845039913474,0,152.0969796467572,430.79724601104135,148.12164829364113,1052.0842799685136,258.455291701157
0,53.50082377034549,0,148.86521996371695,438.7576986928044,158.4386852620567,977.2441000119804,275.1418765376383
0,53.96282584736724,0,149.06193095370276,310.2353116606739,146.58001944327296,1042.7835633087666,271.3998870656567
0,53.18934137179206,0,149.97813737897678,423.53739414129535,144.11966954067074,1163.528047565013,270.7117415860204
0,54.579827538428376,0,149.61451494392458,423.2538320003115,133.0759514879098,1116.8106251780114,288.4538815729048
0,52.048226384517776,0,148.96430345584199,423.2538320003115,147.12720211198467,913.8590248074979,279.77618118658825
0,51.20299958801697,0,137.98557396578997,413.424274633227,153.28079732582455,1023.5004830033304,294.5813115375359
0,49.5855103235586,0,145.86014858923772,346.2105432935498,133.81103308455917,1114.114959236512,273.83952026195936
0,48.10278174657865,0,151.78058674778921,413.67805821738034,148.57938106086175,1090.8699562358381,267.111105649186
0,51.0167174284051,0,136.38587157723927,419.06102325623306,145.3151682368835,1142.567972804458,255.6484611004971
0,48.83886657535694,0,140.38251004953085,346.3460996689561,138.9690032976197,1112.6813035438856,246.2888953475305
0,49.162982966049036,0,144.20466078677543,434.0948966815148,137.46874585334922,968.524354119694,253.7102329057758
0,49.78985335065286,0,131.96518378658192,312.00498214978734,132.0478444984185,1058.782145059187,270.2469009990722
0,49.97804355812142,0,142.10159618424476,368.18518033131807,137.78232592812097,1044.8157261459407,262.05758129034507
0,48.85641026302007,0,143.2628995250753,335.99414266856945,142.7832590558344,1116.402560831542,264.8995724417493
0,47.83123045709457,0,137.95062908437887,379.6827669397463,137.2044143102641,1131.0421541860917,289.07359319093484
0,49.28647918639339,0,138.87059700760946,412.175833228507,143.8176231119261,1040.5467354617078,297.5146988922117
0,45.358370967016675,0,135.00208019463287,412.3052281341897,142.03251724847524,1081.15153608663,270.6308415398204
0,45.72017665652038,0,138.4766790530176,416.03981113533086,140.21571560801195,978.5660343702015,276.10757979815276
0,42.96522908785657,0,137.58766259618994,389.23505501249855,136.48821895045225,1074.6244092723905,273.98344529252387
0,42.41335487024439,0,133.9557711943612,398.6018815922261,122.936400839134,1016.7554693178108,285.8597927965242
0,42.89336459011986,0,140.02412805315225,408.93569355546197,126.96204457750935,1076.8431850417405,282.8143481626675
0,41.45126074616839,0,134.00068194722368,362.25947034270484,135.35545146063131,924.9484080720889,291.1327093841479
0,42.66840165989371,0,135.27843932587157,410.15454797050063,133.8578501844913,940.2636758718888,274.37741096306144
0,45.149848750684704,0,132.4481157687797,354.2975592917405,117.6484384160312,1046.6881245261886,286.0223164397532
