17671.317955019887,1752.9458964036307,4659.94894600691,2133.0765890512284,1137.1066751965152,2248.5667448453455,10227.07828655345,9751.214899198107
17643.095732797647,1408.9875630702963,4428.879501562466,1831.4515890512278,843.2455640854041,2140.9556337342347,9380.411619886783,9686.770454753661
17733.05406613099,1227.3070075147414,4661.712834895799,1679.7571446067836,932.2316751965152,2045.76118928979,8731.522730997895,9615.65934364255
17554.90128835318,1169.0986741814077,4397.129501562466,1642.7154779401176,762.5372307520707,1960.9139670675677,7815.967175442339,9571.214899198107
17870.63739946432,1153.2236741814083,4398.893390451355,1683.2849223845622,719.0788974187374,1807.7750781786785,6722.633842109006,9495.65934364255
17715.415177242096,1179.6820075147414,4536.476723784688,1702.6877001623398,857.731675196515,1729.1361892897899,5391.5227309978945,9431.214899198105
18898.58824864193,1121.2063622222186,5098.033507399195,1537.2028517964216,857.731675196515,1727.0667448453455,4811.5227309978945,9397.881565864769
20038.156903460924,1032.730155466837,5744.453130564259,1456.635134265653,663.2038974187374,1640.1500781786788,4480.411619886784,9362.326010309214
21521.328754647962,961.4590385183266,5415.1694268634665,1361.8645833909532,688.0372307520707,1816.0528559564566,4464.856064331228,9280.103788086995
22694.018504957305,916.2271284900522,6600.706115316336,1289.2777707800042,694.2455640854039,1745.6917448453457,4027.0782865534497,9251.214899198107
24320.536705562885,852.8004694534918,6811.974219136477,1136.1649338425746,694.2455640854039,1745.6917448453455,4173.744953220116,9186.770454753661
25922.481821559173,775.6429297004207,7215.625857236693,1027.156747573606,1125.0736127482294,1516.8052180930313,3842.633842109006,9146.770454753661
26001.096818961887,770.678316846125,7225.823658824677,1001.6204545734805,1416.282881651886,1410.442806383463,3493.7449532201163,9148.992676975882
25931.63715161134,758.7657493377366,7038.255854626283,1001.4167824352387,1634.7296727969713,1458.9342240371955,3489.3005087756724,9120.103788086995
26157.67339021562,736.2728964967584,7299.748233918893,1060.6564614152412,1548.107534523065,1437.1014343152463,3693.7449532201163,9095.659343642548
26275.80195847192,751.1534256569294,7304.212844548211,994.9502244146724,1706.6341422483329,1372.0288046896235,3313.744953220117,9097.88156586477
26366.89111806793,776.3865006386904,7455.872566212458,1026.839362516731,1963.4346506090726,1209.4546270336002,3651.5227309978945,7873.210157128802
26557.46323718676,749.2297836497369,7544.825314593555,956.2957249683892,1959.9563044342683,1311.7107291606817,3295.6799226092435,7491.2909862664255
26706.983887741335,746.3248748949993,7440.736142213826,939.9022747178371,1788.1984976000372,1302.2827611341029,3242.646238821099,7410.091161498003
26778.17045072487,744.7528372508234,7590.980345091909,956.1308661742721,1870.6323480131289,1251.5313762188198,3998.4295545923023,6761.479702709179
26670.39624988678,773.7140260179756,7541.271092857279,925.7311340789261,1660.5528166500794,1204.983897525942,3990.4345147596823,6256.226664528784
26937.88444100703,770.4945004914774,7779.352883403854,911.786049042884,1973.830604625496,1148.1537624350983,4358.549515048798,5732.945769481901
27037.32931683462,775.3723250617717,7679.799074406561,908.0035841961359,1986.4152145363573,1178.3044114613979,3947.888919086776,5697.0580287987705
27264.958813899233,744.4904188461487,7338.968548917259,817.7861596145268,2026.145266879553,1233.4909549003232,4037.636054700579,5637.005928290137
27243.563556110363,743.6303988907939,7540.7021001298635,891.6611978579442,1959.6941805038978,1193.4073950283307,3949.7653767538213,5630.565300701702
27249.105283927245,723.6678658765827,7874.5170360361935,890.6839017308444,1913.2399439697297,1169.94218163693,3637.980452989347,5591.067547841891
27323.576314605118,733.2474795719558,7247.273641919083,890.2844764873429,1703.805815122889,1092.7337675669205,3721.801335692837,5556.28852937694
27367.719959290942,720.2068810832186,7710.531283011167,832.0181298142056,1697.7252808719845,1088.0178309094342,3686.2146587374723,5472.893007182192
27289.658623540417,723.5863401191733,7294.309640507281,849.1761829250637,1833.6795035965147,1070.9467194293532,3199.6463994204787,5456.4346452496
27565.851783451773,704.7797903655141,7346.097088982576,884.7305149880842,1856.813402745956,1079.603339433316,2728.858497699313,5422.467120706971
27362.230097502375,707.7239332482048,7517.365179725822,816.0280075537535,1866.4313802845222,1205.445600193424,2880.9007959019145,5433.21079039342
27670.562852115065,719.7762697636741,7559.779576386771,832.6238778716671,1764.4478596514043,1161.278636148871,3522.0724049597393,5386.552690768774
27706.368415960893,728.1025302371329,7487.918101935394,834.5733455407681,1871.7026000634567,1127.8936957743804,3107.9391589208,5346.713204490287
27993.950817478493,738.2306268593153,7696.181369879538,848.9177436041427,1899.9833764636592,1121.4709193376757,2786.5805778917515,5282.690504767747
27647.738381752497,713.1223326313324,7729.9152118013135,799.8095185328174,2036.0648606149298,1089.6210055459787,3237.2450037155404,5230.03833305254
27703.977002965035,707.4429193834,7447.534844709382,777.2066746541174,1956.703830139672,1068.8296559704281,3007.4505283059766,5186.532665616218
27717.455313869603,714.9301541235891,7693.243111729629,792.2199963579083,2010.4501682619987,969.4575750261888,2578.861157807415,5174.393935685241
28000.626792148356,701.80966958011,7704.220513868041,763.6547147473983,1894.1209129211215,946.7126921749267,2601.195596205101,5158.0648111318715
28039.560031497287,683.927340209496,7555.3148743111,785.2882854011584,1920.7301946525818,952.9973841274156,2744.428778194986,5101.987972165678
28061.141349880912,683.7145772368942,7737.730960308432,780.5092772463665,1798.1568867727235,1021.4223637129508,2136.7826167122244,5103.939444581193
27758.344377403773,715.3001811151447,7602.5578292497785,803.997928098822,1831.16935353573,1002.9872354155614,2393.7159864839864,5048.36193300617
28174.867822561282,687.7560407701089,7852.016665367775,746.8650335364075,1927.6992792204287,1014.2749397992498,2166.6021858740824,5059.698154150417
27966.046151206272,678.8699622585427,7592.707425565247,698.1241691059848,1837.0288589643285,1031.132309044471,2117.895134549413,5035.724170055238
28000.64529394927,668.491046760516,7665.947509979418,785.7750236415143,1870.2507431563497,946.6422891514152,2256.0543580910244,4987.549388010099
28060.073844174134,652.5868851499666,7768.074155989343,752.9978436933866,1894.00989409549,990.512828810086,2196.229522584901,4986.283227136573
28147.677415969807,675.5567766970784,7744.547616125361,706.153433513417,1854.559097795816,906.8546571593984,3117.3676452452796,4976.368451639482
28246.74569509312,666.567354304841,7396.2822166717415,719.7970439288334,1812.4976992783015,885.6118393241867,2954.1506778978755,4902.247837391986
28086.305212501764,659.6008468741671,7374.864343158946,724.1922612163646,1799.0661573627992,848.9367763967809,3082.4492236930364,4846.14194963232
28195.873506705775,638.5703410673037,7487.852585696893,755.0887848653249,1777.7530455117317,818.5235387520503,3479.852310432897,4792.493587327775
28304.461699006075,643.5123762767066,7365.352235264356,713.0002053407973,1830.1708663626628,796.4411993625685,3079.9445510134856,4732.412227539234
28218.795458755096,618.2494570344313,7502.096455663189,728.8706707358069,2042.1477653332586,857.1893893361307,3057.6861817017734,4683.674025341816
28118.68508413094,621.7986597749092,7630.386277528754,699.9224513731747,1866.3749959887014,908.5038534533952,3222.839401906979,4635.166258190522
28126.10892139917,622.0934094837671,7738.506437798111,679.8351233929599,1835.0051661215873,884.5092279278704,3258.788963995289,4646.887325841977
28168.567999921725,636.5522849818647,7792.297563061375,707.4142969187805,1769.1302009508097,860.56626261047,2811.181576445613,4574.39119472116
28265.04461145674,656.305642282586,7650.982819753683,720.9235726346222,1727.0550387905387,855.299598749749,2727.555247648281,4559.89850895535
28294.876316048973,644.5896373942136,7901.521363247977,692.4876643370053,1639.9935964312251,837.6672134189253,3044.322144885351,4561.18547918637
28280.779974419096,631.1784240759054,7701.42969107618,652.1618433655294,1787.8717346670428,762.1409750541333,3010.763076910563,4484.9172158278225
28207.897324963837,616.5564052806899,7711.240598442611,668.5569385890708,1820.8954308440732,811.8316434372448,3341.6486042286206,4475.536617878401
28469.99737146408,640.008585959749,7780.075481322038,627.5476697254122,1856.915461421853,769.516647456585,3202.8258145573354,4384.375483957949
28257.31623202007,607.027834544155,7731.339327995348,602.4532028831833,1803.1181773328535,733.4595295344328,3443.06332993202,4415.43229001071
28400.82804477848,607.6065669234475,7538.466702930002,619.7315949927906,1849.025084433462,774.0210567213079,3688.2005811914396,4331.1499670090925
28496.38461111227,626.1092284133522,7471.752862365618,609.771460459662,2035.8583916968025,753.5481095681507,3342.7492173575956,4253.749234213505
28298.33605595953,621.4746115141954,7864.031847877812,657.1144952204212,1984.5294058927361,756.9570154430633,3202.030519568155,4198.7841546549225
28600.24099992291,606.3008839718233,7545.732882043725,607.4823516708299,1956.1349896280926,801.8029929592765,3048.1781041757336,4155.142135062412
28384.638435377525,619.3731134431314,7768.81962136176,626.4441858210529,2001.8258929642516,784.6134852921211,2514.164266912281,4091.710592457812
28491.025200923094,599.1979301853388,7746.278483863959,599.3469589338094,1983.2838794010609,763.3326046072222,2540.3185623517406,4021.8213985287066
28400.42410852481,606.0284767820194,7774.904507011278,584.3429098362752,1929.1820608723278,696.5711320443633,2455.3261214237773,3972.1397684463313
28349.4313959194,634.0876099227419,7535.42639948238,671.7376157093257,1937.8406929633834,805.7592954792403,2177.888050845874,3989.3309274617504
28517.649764357244,617.3143522785539,7616.137186358985,673.4474818039372,1993.740352868148,823.9384361742148,2627.297044723373,3988.948999724748
28382.3195573642,609.4005944997523,7496.1903294765725,608.166692964249,2031.491005566451,794.5665643180668,3239.2629828268136,3939.8814526587585
28623.442452147843,603.2523642333765,7740.590752669364,627.5894358371824,1950.5855122751932,775.5878034547468,3111.1735334883824,3944.349096891838
28474.05013655,618.8093171601299,7618.924676841285,557.8546386850294,1939.6721251782353,841.2240571344591,3034.8580132814823,3953.461641743668
28630.94921833985,609.2253701009179,7742.6943573209355,568.5311943205261,1940.053499421325,824.4055644537417,3080.919908855962,3922.7732507130413
28570.345746771676,611.7895399487253,7588.27906126271,594.3549708067624,1939.3781458267645,759.1042333734301,3009.549157072959,3873.5047636324734
28550.253386420456,602.2646748009125,7755.923528117644,631.5617959397215,1900.2589363424045,740.3058629256208,3106.7146056921174,3907.654807712186
28515.419932937733,599.8033730834039,7751.628253881377,596.4850146090267,2036.7763525086657,717.4129209762916,2767.623971852582,3875.3331308067764
28619.929749005343,602.3887953692325,7623.3820351275,623.9990643617494,2054.5321709803247,721.4667664324747,2641.549701439048,3827.6494902379027
28390.548237587,607.0385911898077,7696.654546100768,573.11722286541,2108.029447551871,717.2865381161998,2490.776763094856,3805.824763839646
28466.584542821733,605.4285328269017,7636.844967970208,591.5348317261125,1913.1344734863524,688.9413769718744,2231.7297566216776,3907.4131721154504
28647.222163429942,616.2334018708865,7764.07246699801,508.9732837872353,2033.3654086459753,653.8059816071006,2224.354796757138,3820.302278173291
28660.295759300254,601.6217285700307,7566.689060855679,514.6405588329108,2008.7432802173867,722.1856082780389,2410.763268300873,3757.824098772396
28639.449005368577,617.759392132397,7633.545985176327,523.1056400589491,2072.5339496926617,691.5521819859846,2256.948771711927,3756.532882037094
28656.876025500325,610.2464720353632,7636.707078219831,485.50778519464694,2072.45637741175,687.5859631296005,2452.4021884401795,3721.0939962822067
28567.730809767127,592.2078623089168,7818.7745059063,505.3878108345738,2161.8104603147217,669.1755474905832,2008.4867052255606,3696.950596616667
28589.121877754842,581.2296540869847,7862.590551657783,507.6621052465087,2078.7608539367952,696.3345328860962,2035.5506882357315,3644.101402658681
28557.81764085316,583.0939999581395,7669.8958615216325,518.5001111302909,2019.1439074269415,742.0904080435229,2207.1675949930996,3653.656254029106
28482.951278237615,593.1177813758538,7883.799845441862,479.7433626194406,1945.0058187336533,678.2762192530972,2483.52793003435,3592.2805547341513
28421.538307581468,592.8036218536993,7694.935510717681,496.22796978890796,1965.8355775479008,616.5722370206297,2508.8313041104857,3566.639717548498
28445.46832596404,594.260213271463,7630.672958811958,503.9258126083579,2031.7006912280128,685.2837338314432,2480.571812641161,3565.6213861766328
28468.52812156478,597.5646256377067,7598.347016375438,477.61414386519056,1972.4657051046843,603.7576508032928,2577.67660595047,3569.224324081271
28444.498741538948,579.7033380474993,7792.4548198891025,446.5705683566731,1980.9324454041366,573.2159310060476,2977.275172076405,3504.1139699788537
28608.998244815022,579.5221673130466,7775.084005914509,444.89191725161237,1901.9741555703913,592.797186114802,2694.9457064239236,3438.0668822243715
28530.326644395263,592.4777050067357,7691.506892319648,469.5928993756924,1856.8390236889945,556.1261408408566,2588.538418442192,3442.192960974356
28524.35062268969,604.6871883382267,7875.269581546094,463.33868264682525,1846.8934354482235,540.1886329183508,2413.2882283474482,3413.157670350306
28408.42476871119,581.6655495504237,7470.275998314039,476.5188372323888,2079.1092812398665,540.8455019798745,2433.985150493583,3375.404260602503
28515.854772284914,585.1239447361293,7525.389822225864,463.27392639789457,2172.3278999838767,564.3048117655081,2408.0391120575773,3386.709323607578
28518.498415370545,577.2309213572336,7910.086254079915,440.47410716030447,2089.3051846196736,620.9135167763957,2601.8379118849057,3367.0716816998097
28507.279185570012,591.8580926631527,7725.9754652593965,460.2786042942661,2015.0226768501218,617.5463511506338,2434.2382693683417,3373.8234987250426
28514.060570099497,579.5276727409829,7823.795784537129,403.0345092571716,1932.6282687827666,614.2169397614703,2447.120833274096,3345.6302799838963
28598.67790505722,582.336858495616,7796.398030704709,406.26108882150686,1939.1101319746865,563.3277982044849,2460.1948169750312,3313.157538842033
28618.2201411695,599.0108601278824,7728.726023258658,402.9340085108386,2069.514674766819,624.2258883404105,2446.5212263982166,3271.9596855630375
28540.936305555362,573.393179857597,7717.083915809706,422.6760793578489,2085.9622135114673,537.3692849491576,2328.6255697767024,3259.813360586134
28586.14887186468,587.6182287668254,7717.392259822519,416.69890705930345,2029.9714402441075,569.3688423839243,2504.3380044019204,3225.6063233598406
28393.981681164612,579.9068668732393,7829.8177281084145,484.36307949453925,1994.1847935528897,506.2104167809496,2459.5678945389136,3211.5596745093485
28444.260013871557,580.0406582595078,7670.912221081073,443.16903982105,2008.0548256699344,523.7965327137979,2506.165572744961,3186.5611891153794
28537.61973413663,594.3094638366224,7763.120286002499,413.83003361467735,2041.7266047188637,512.4463831810632,2386.1102839277505,3170.6097611045466
28540.13807562869,592.4900592569921,7745.500522161973,422.6095023231848,2167.2318297086663,594.9791629274911,2315.091432983499,3145.1487365289754
28579.7903265189,587.4836563218613,7730.928662272903,432.6582778099276,2099.370880086835,552.658512876297,2311.943276321999,3131.7325801796223
28573.227812059675,584.1906164678874,7626.671987362395,396.86515849975916,2206.3085100429544,522.7897423393474,2278.8092014705594,3105.1379866444245
28479.553132391797,593.2664309426883,7710.415306906767,418.60163162747415,2022.9185717998307,468.19205122742295,2403.4848134736903,3086.0305469223567
28434.424177182544,597.0960376354188,7793.222519130373,472.8229723104077,2053.2272832119647,546.004085593899,2461.6949035498233,3030.8536372600875
28519.382762224268,579.0452736066403,7748.617812914258,423.4787425538659,1929.667316536357,443.53115984517603,2382.837453651302,2944.717307988991
28594.0621542929,568.8106052019687,7783.843600111375,408.96333089913054,2034.6775518927998,432.42581228452286,2314.9085097606317,2956.509394584747
28574.417793896042,596.4072527498724,7677.663650418532,415.93366186779565,2040.1855226832572,480.4378051004482,2453.8012366354596,2952.8955176161794
28504.47046238468,595.0661069768455,7764.691120941837,410.29627608878354,2062.714005379753,479.74745768848527,2350.8546723959917,2889.4301938055737
28573.89614178648,591.170606901866,7825.713460107406,394.44949737162733,1991.556345579801,526.6878688619449,2449.454341203537,2908.334613755998
28629.075814621832,577.264121613785,7785.523096081814,396.4482827696684,2082.03500048156,495.02269461830485,2379.5761563489937,2878.4966419012108
28523.588952389488,581.3499250740261,7826.492162513088,420.8746958188351,2123.799885806204,508.91837035012213,2398.1650150115224,2824.3597053447984
28563.121005927205,591.6806041533084,7804.037219897174,384.1196893778789,1984.9107218561774,452.4857775004685,2431.4338874064233,2772.589460477434
28537.54415677091,576.3085975583219,7657.804113438557,373.3257515904636,1930.4145874165768,441.61357688511026,2464.2149816192573,2820.962681816711
28566.88327809597,588.4584860118597,7697.669175881017,340.6301537339797,1934.297050928921,401.80154201476614,2499.466540451512,2760.5894841806385
28451.24664796219,587.2935816058242,7728.699784146694,341.6526921850405,2000.5259930753455,409.2716701952192,2393.3100109546463,2710.4688781948166
28456.497446015714,587.9348665139294,7719.0884705794915,348.5789089719127,2042.178033409625,446.09318251639434,2392.306258094137,2717.0443257999445
28453.828790929892,581.4985458735761,7664.613214355128,341.4248014226575,2025.4278283813283,402.2380793970675,2513.1060436484377,2674.8704068707784
28561.942651885096,585.6587720082288,7666.404012840785,360.7497475235366,2079.010162096908,385.31725168520524,2502.7688516528706,2626.1683747242987
28410.63737505592,595.158815659499,7797.400495494422,350.1172727970985,2060.5185056947225,422.2332584250456,2682.047026227797,2577.6039338504424
28383.422116248814,590.3331928471532,7725.995200645214,350.0966692521195,2019.4634863059944,405.374771290921,2546.1987072127467,2511.398350976481
28349.892688116004,590.0171215955343,7565.20870521319,348.0463834969122,2029.7434478614387,465.11657457670947,2525.308951748336,2485.3284550206263
28419.25635913878,589.0214458338068,7612.196827552229,342.77957442875004,2047.1094284765636,508.33345407424775,2649.993068446766,2454.9488592681682
28316.5075485611,582.0162892324023,7714.437628200614,345.1421388630681,2066.6820169119455,466.7335303962629,2637.1054774327254,2482.036405770163
28293.52721245951,588.1139116992942,7710.050637053007,352.27942031006563,2056.909421663624,493.45548118826423,2599.8275968202283,2425.2568319646607
28442.01846668464,599.0028106833881,7662.8085503008615,317.8252974314273,2075.82753805784,425.42965222939506,2651.4898384889893,2419.7203261871286
28421.7684079034,592.7220293786082,7657.2872510414045,332.07066511338144,2083.682857207128,379.7808352000243,2643.90203668413,2447.6481942923106
28221.56331905821,604.3090504429666,7574.064420976712,312.81715810438504,2064.454934320651,434.6338232271847,2666.8405839907978,2420.1506373875027
28327.552860859316,597.1785174891047,7683.852129817909,321.8029509820659,2009.5182928286004,438.710633096749,2665.239841763904,2391.7823073439163
28304.48610571505,587.4993286399622,7591.618887461429,323.76608578897657,2030.7391796603422,401.42772746567584,2661.0249160753046,2320.0978623083492
28353.501075952117,593.9415164430344,7662.55880824466,334.86670620303846,2052.0130137830397,324.85434818543575,2652.3481488392213,2297.4297444373806
28354.81461243249,599.3947170379428,7589.784545482202,294.481916549761,2031.7350888746664,335.22640518106164,2796.8655111631474,2368.22151318743
28382.440278116555,603.9016976888023,7723.574365147019,287.690266178108,2040.7392398096404,329.0714764413783,2802.2387027577033,2381.3611786051097
28340.970543855583,602.0992283897707,7600.3500137578385,293.2643749753463,2119.5976249500704,318.8060302315231,2820.374120813924,2343.5145346178833
28302.903198431508,590.7362291253414,7643.521524353527,312.9849382665402,2074.14921643292,308.5698476525043,2805.255555512338,2383.5696034361235
28374.663264404193,594.3016249402992,7547.624709275472,283.5274091287702,2097.783505772746,300.36171822631945,2828.3255118473057,2345.9699688443598
28320.813408621012,600.5804464647645,7540.907262365649,276.84276017202257,2151.303819252167,312.94408283740205,2805.9465224624796,2377.3814428261508
28312.68620818396,608.7051539224846,7630.3034535728675,337.21038226441027,2211.690430873123,317.27737878464615,2844.4814380928783,2331.1365099670184
28367.46827140291,616.8479219236074,7624.34680047563,318.22840919157795,2156.1932190774173,295.52814928520144,2820.6508022272296,2316.1232163021236
28278.870078677905,609.8756999666653,7591.840178512114,260.2811336957548,2201.300468664343,331.8187080918385,2752.810307080559,2382.1185026086678
28362.815307371962,625.1607821159694,7670.195075915534,326.0182664941989,2276.5912956349885,383.83088281250355,2836.4185987306996,2398.45487103191
28291.28039771537,624.5432665991475,7708.518707194009,365.2973262269509,2194.098932819212,326.1905196059282,2784.0846765724373,2417.131496155917
28301.498715890102,624.6781703245346,7692.2388126304995,284.67273104079277,2196.050605845155,326.5210191487695,2800.163997707571,2344.814224963476
28301.13317158925,629.3997105809709,7732.453874666293,309.8892507559856,2196.286345632147,353.77973524703157,2752.4954053613246,2299.280021240736
28246.96102646985,630.6719047740843,7683.524719256927,276.92309355762524,2290.1569683806815,281.73268926156317,2796.6712212405705,2253.8614099821193
28254.405465617932,631.8990467714781,7659.376466097224,300.37550604600835,2249.8924244149066,255.23808330010172,2777.767865607579,2215.1131440177373
28244.20228160067,629.5686100814338,7743.091772645978,299.1905491721941,2231.121144106044,290.85473211032627,2773.8339378706924,2167.7010928632935
28180.073862641144,635.2030071085255,7703.464058602753,306.6197252732398,2186.66550010594,295.47247176781775,2686.3352998207197,2141.18002045915
28216.87197768853,638.2386037316074,7707.384894928494,325.65936037481976,2114.2912521409758,333.2281457332617,2744.8465396359547,2080.660251798555
28271.536647932837,646.5975282597971,7699.549532951454,287.5058343846084,2176.5584214775668,300.6441204704448,2723.43966016786,2091.363228445015
28199.468690938273,651.2286655213985,7548.43827943496,286.18837157653087,2114.751141020733,328.10330146025643,2746.810379564097,2088.843730716616
28192.149741605946,658.807368512049,7679.54395363991,332.20704405909333,2086.733116105172,331.74652711217334,2820.71550453906,2137.5454332039235
28130.30642620819,653.162959001978,7676.343595542425,281.7918020441643,2126.321524410552,367.5324590208308,2900.1198313890823,2153.023126954822
28185.664832178416,656.2975511355907,7584.169417223906,303.7099751794471,2109.73465869302,303.99509066685073,2805.629156170112,2124.164941659611
28140.522496184596,662.9469540211863,7667.957253183485,295.6574358076002,2185.911617132882,312.92192727960366,2813.179658415957,2113.192345614135
28176.44163331564,660.5550933352406,7607.124914456619,274.51600852592145,2154.658539316669,327.01967950758626,2849.632605102178,2080.1045901276175
28201.652196610245,668.0112930092112,7661.285881444647,266.05273737109513,2152.538589773386,307.03153613064967,2953.5971280323315,2024.9009317085213
28142.97516026534,672.9906734783154,7651.440140549065,285.2512827865455,2177.8069553852806,270.5069244083793,2731.5903664896528,2003.802854250669
28148.370851647862,667.3709153175478,7647.2941495079285,249.06822724218867,2248.42494854262,312.65661833739665,2804.782301899413,2037.6985134418296
28147.39059530764,672.3683483158202,7643.321810391513,295.80977259912856,2225.8824261544332,263.75637730997784,2862.8763941278776,2002.8094033947796
28125.187688684975,679.5470419885044,7623.510008012577,316.86378104056155,2223.39712901484,260.40617642940083,2862.2795756369487,1934.4681343897234
28099.414802858504,682.7238565910536,7618.494508208795,270.15514577590835,2146.2573197861366,248.80482270832582,2888.355023994648,1953.1184328391773
28117.554461102394,685.9549288186511,7614.040072920656,294.01814513573913,2214.404815781582,303.451258680356,2948.333972108146,1934.0929190308811
28073.377715939343,687.3006752726105,7634.785951755391,291.5070337999078,2305.329877416049,242.23361942519125,2956.1962820074236,1904.0575515376108
28085.71063999106,688.8325913923602,7630.736251180409,276.60253265720496,2299.1166795682966,319.68979402359525,2903.083859401041,1927.4560716272417
28069.68438722007,685.8912500195703,7655.352780241464,290.1872029292827,2336.2571990322813,330.9583001825789,2868.2722948231817,1897.6211143397068
28039.995051859114,683.9134567366827,7683.070675499548,262.45435104504253,2247.242751089347,311.2086405990832,2801.846328696794,1913.329764008644
28065.84062825438,681.9469519720345,7678.695532872673,267.0260587598515,2261.4747987631536,291.47549068691035,2804.5251381978546,1970.3591097832755
28036.84767390019,681.7895364349897,7674.815246163606,289.2717935976062,2234.4929356001994,280.02487801125903,2876.611784377666,1936.3751344838545
28010.39518503743,683.8203803864524,7649.230777030956,308.6968594918279,2244.4784017164848,266.5402475932038,2892.257987490955,1918.0438256795683
27993.50009570844,685.4542066709779,7611.369392586314,274.46859245508796,2168.045351449923,253.07282652929112,2919.560111896204,1833.1422867666702
27994.65906414153,687.1028217353316,7635.543401232468,292.46990416631286,2168.105776292678,241.69395674145795,2884.2621577319933,1797.2254036023955
27987.94846189154,687.020369943912,7632.010661497321,270.71679044748544,2180.676898455193,201.35956359855166,2865.3598733176427,1781.4036222502184
27974.62209082282,686.9649065166532,7628.592523744754,296.61349391541506,2253.396771029896,210.72809237466635,2870.989605521031,1745.676282280888
27954.268490655693,690.4538596860946,7625.145724893049,296.0683587374947,2332.170336085925,205.6535778736392,2925.654521845048,1736.709394518135
27973.542004476338,691.3706082674397,7566.028415151401,275.86981592695264,2321.8337701096993,193.51732680955755,2962.10617574494,1750.3911965623763
27960.068248151256,689.5918969828343,7562.592808503496,298.2738984089347,2350.937541146435,238.1340204114925,2930.0001400425513,1752.7210416479775
27946.79143242629,693.1492104908712,7586.49340416082,288.6529852729313,2237.1387328464925,199.98816459296876,2865.005282856615,1732.9205097229526
27933.354791620968,694.9227963005449,7582.973636517014,245.8268450617552,2214.7545514943095,182.5751580972637,2950.5405819131884,1719.8778518622223
27919.74352185028,692.1030122813731,7531.44179456249,277.31484848045625,2212.4628666657877,206.5628119874455,2977.4862982458867,1709.147990236636
27907.131121241786,691.1584841217523,7537.089055005238,271.32776932189734,2254.496679995854,236.79844897407347,2983.3421772211095,1702.9525180822147
27910.97384300315,688.1818628820804,7549.268922029945,279.9441732380841,2312.67239484148,248.43569544168233,2964.4609824408735,1690.1796996696066
27900.20290071508,691.8333385421146,7546.321063616812,290.1020523236989,2388.0900114601286,282.86469039303876,2914.3665081828913,1670.8289147181974
27883.90136129396,693.5977480469353,7541.8649858548215,252.6168378778734,2385.714980713963,232.4801407423982,2915.112836849217,1671.5662139215435
27884.593244219035,701.9371225219285,7540.786614306525,275.4300706152392,2269.794774204871,198.64763969430385,2973.9479413499193,1654.6132078063474
27892.40200697139,705.0204588671392,7567.936854244435,269.7513691531554,2170.535592733662,183.0473754475604,3036.8813233229566,1597.7470667027542
27875.202794788544,705.0410647973737,7563.417591839749,274.65508968265067,2178.3721821477016,223.73016529126255,3030.9442328382174,1660.9671873815155
27860.83833918517,706.1773874725144,7545.979792707929,278.3605349237998,2195.460111936998,261.5175372945048,2929.9216590238234,1578.2729708024772
27846.101149946575,704.5217410886627,7542.171169167943,286.83721889939784,2184.87094509225,277.42428934557853,2964.5376775609525,1514.9971554188182
27830.338721604465,706.3726877757888,7538.039697616854,258.2695119538725,2186.5338041651453,233.33875530398228,2907.9028826687227,1485.1391504814965
27784.357176619487,705.4931274836829,7533.991278878148,288.7002847650039,2184.293991225093,251.34418991797452,2902.6755608549092,1511.698369343893
27773.327506620873,703.6752441889519,7517.457238198101,257.69558143678336,2242.1679112028824,261.0234795216261,2966.81549412789,1557.563118322215
27761.49705327916,705.662384518307,7514.08894183156,273.33125465101654,2199.0923953483602,233.5302920169798,2938.0105711222755,1550.1772633338662
27748.549514068465,707.3456455154576,7467.787587493351,273.5560151921797,2167.905668905731,247.43309217393954,2933.403307974766,1489.5402298693562
27732.941922151196,709.25826973279,7463.245078599216,282.13677573584454,2217.3228553699646,207.57515877703207,2872.439426501618,1500.0958918532885
27745.75447087262,709.7891194225284,7419.258156611596,269.9030387552587,2209.5679988592565,173.32234906809833,2864.015147452272,1457.3992382833194
27731.01381981596,711.7416045911416,7415.192485862179,274.9724653567031,2228.051222174535,197.65653410452117,2907.8722217358563,1425.8941509804263
27716.011672119235,711.9346023119153,7410.959549914301,278.2834067337353,2217.420373615174,184.7652139536286,2902.7579220911234,1401.1356267838025
27674.6553714917,714.7053993142121,7421.211459402583,281.661530792677,2256.8449328148363,171.90566572250282,2856.0581199646845,1432.0119997459522
27641.95726060444,715.980919359736,7443.711459225285,260.1191970204592,2228.0382244185334,178.95150284685874,2871.6146942884047,1429.6338299946297
27661.88924601571,716.3152115734076,7410.621575248999,257.2568564994455,2232.5502284250715,164.07749829254814,2861.1138419966906,1436.222792594976
27649.262716760422,716.6183634165877,7406.9754398492105,260.6457459754283,2301.0071235658743,176.1297374802986,2868.0335842050363,1467.3338997451651
27658.423414836692,718.6927538262265,7376.277805696881,253.24832507426464,2251.5418007074577,190.27527338726154,2863.8769880292557,1456.2999451944654
27625.574105466294,720.0171538802467,7406.695484607493,266.262096076408,2183.381452503581,185.8105399170986,2948.7114026836634,1481.342615328146
27614.114873673596,720.3951065847779,7403.489664067548,271.4797924665654,2239.5786724238696,132.7258080408271,2978.322648825228,1453.9080526121998
27603.537650123995,732.6831518012954,7325.938125659553,264.2602267277248,2180.1366566587117,162.22377335517106,3035.505035278094,1456.2151702591352
27591.332265958365,733.051583799891,7322.6520712809215,274.7885201309967,2273.3962533628846,161.98629414464918,3016.0503286270327,1425.486616561042
27578.52629603859,738.70762391971,7319.216618311215,278.2505123752752,2321.0271132980893,186.61306009318452,3056.475196590979,1443.7213607637489
27563.407186360262,740.7780904312216,7315.114144347568,299.3587114076218,2341.228942876377,182.27707219509279,3038.489887869417,1415.3614130423955
27549.929158578332,742.9004041755553,7311.45400067541,281.6843696882926,2334.8686530045047,221.42358682601062,3014.3314909729124,1369.2971748345394
27539.671163634324,742.2153815657987,7325.2624544100445,279.1774111426585,2342.722257907339,217.1125373251264,2965.311700034108,1283.3059135895464
27543.029804353246,743.5573782024235,7311.1860434880155,291.46332058986053,2180.893656243961,179.4448027331944,3088.732772486268,1279.6093447451744
27543.729831298784,749.228705611473,7302.51335668789,291.49060865539866,2178.632247247867,175.21414517342387,3096.049520462383,1255.9865721385518
27527.724100401443,754.8312080095027,7298.149561537527,280.93022981679457,2180.108753792444,158.54694085228,3133.87915151977,1230.211202424627
27513.856541761244,760.5040767506599,7294.436089625809,273.95295307668846,2152.9551817115853,181.25060483831646,3054.6240152719847,1177.8401369756903
27491.74055041694,761.7089926524916,7296.219734979451,278.5330254754984,2127.0133605672827,176.81927121341826,3012.987536799924,1118.6506607158283
27479.524991910523,770.9848544212776,7292.988776944267,282.1915615308928,2118.850881484473,195.40728805038333,3036.3105858329995,1090.8645064361658
27469.802807022425,771.409715600965,7332.340972307661,279.7868546529297,2135.2990322036885,189.12425216658133,3006.052534687651,1098.7040114832057
27458.319795881634,773.6773352250827,7329.285559862462,301.128577090937,2133.5448845276974,168.4139366087632,3051.9098934197,1164.3897089343257
27445.95924721383,774.9625661308279,7354.188461741997,304.5336905935957,2179.537037190107,182.0317252607917,2988.085352010683,1183.4772804000595
27418.218173067664,777.4230650550209,7313.393911830259,309.7786317488092,2163.133758329107,205.78157076416278,3040.1452308483704,1287.9662499034541
27403.938733764982,783.1629151256853,7309.464030211243,309.95177856664026,2082.535424821688,182.99609361648783,3134.494375152352,1238.300589217396
27389.415899821768,787.1348055708339,7305.455862394604,308.3473254262823,2090.9605937180204,197.4644613110515,3093.3558823046383,1224.258914084267
27376.125331565385,795.9216051548195,7284.864817378488,307.5452723627803,2095.546455322117,188.05225252907164,3143.783629755531,1259.1730747890897
27363.902592014605,801.7448101427191,7281.563660805939,305.99492682483924,2135.4930101082205,177.73889917090207,3136.8089007862177,1251.9332221777229
27341.23345903707,800.2385664235993,7327.926438243867,311.1547381933547,2234.930756732553,183.15483259542503,3178.2648481284605,1182.5347528238945
27325.516244485625,801.7700318674429,7344.577232943941,313.68223609960756,2224.9408916784146,174.97314782818387,3129.0519315212555,1202.0923611550168
27298.340177873706,803.114952658058,7373.715074134065,319.9920704779418,2221.4727008484833,166.82843394268963,3102.8132697385345,1135.0463476004593
27285.48770987408,801.8808815517926,7370.386163048707,322.00512032651943,2296.2450723886677,166.9744255441123,3111.5585770408857,1074.7312023839993
27288.742054992366,798.5336719096448,7362.935230917954,316.3976393674852,2316.4090751643807,175.36383422107903,3103.5280863990956,1097.1477101790229
27272.863141788028,801.540660035476,7353.927743564478,308.11110228168735,2303.806022729794,192.07872950987314,3067.249179452473,1119.1835225277339
27261.149484697722,800.3567639561023,7350.7419471718285,306.6400680388965,2275.0576144347006,179.84912989577387,3047.6089073576936,1112.392407919898
27248.825773122793,806.2221323369475,7347.337635756004,313.98246520034735,2256.4897485984407,202.8212144769257,3114.4972307075004,1034.5526945015827
27254.91721766963,804.7266579189251,7334.152119220256,336.905584695073,2293.3453298282766,188.32598603329075,3323.752659507994,1003.4400600490256
27241.548597569217,805.2895353102306,7330.443847020819,330.1450231815088,2286.927760851702,182.35268789104208,3303.6733381994263,967.9447201258456
27203.834899046145,805.9840004542676,7282.807316591514,331.233436410228,2233.1465771272947,198.02947151534576,3276.105567754617,936.0673351934679
27187.979137465776,806.4750530873603,7278.377067484423,326.2282359480633,2180.803675712351,200.3131879794949,3284.1757155286746,945.1397665994855
27180.631270421123,805.4706315462337,7276.274932663133,328.4122719635311,2179.652749552199,190.2804729998416,3390.6852413714983,983.1621711419871
27167.682322095865,809.7121084530518,7270.647768310922,346.9352661199684,2242.301971866014,190.60012712194617,3267.7230611280474,999.0234757998614
27154.811451496593,810.3117021614931,7267.03106056305,333.1957823720725,2240.2433837433664,192.947936813503,3325.731125839981,1006.0539607852866
27149.792707262197,809.6790007529024,7226.307265574206,337.112774908433,2169.9003002749005,189.08967319094523,3279.2970783606947,1037.5880629732783
27107.890675333496,809.5013784000687,7194.403753822271,335.2076147039096,2161.6095273220385,193.52118433986067,3243.6654220690525,1011.4045064282005
27096.251039745806,810.1642904144559,7191.091232408002,335.6207731657384,2159.8398069460895,191.76223321308325,3240.7553015628378,996.3914237866421
27059.273503508484,812.6985179990297,7168.712884593761,333.69946203787345,2240.107135784354,198.2455156538242,3233.2981717387606,1014.7696316567911
27046.095941102776,811.5636111401783,7165.090534781989,332.33938517162284,2345.6877029319276,198.59191618058176,3289.0454378117925,979.8710963509465
27044.717316992886,811.0995585388624,7134.626931184791,345.05740064913493,2275.19052355864,229.94114972394894,3357.0817874145423,960.5847536927723
27031.727113507615,811.7495737338077,7131.141755040626,350.7774228423217,2244.117291837827,211.69813316192966,3326.2478982994935,952.4667837090806
27056.61066657143,814.1628575771158,7196.55199658114,334.6689023573652,2246.1425989921436,207.93897676506094,3332.290640347896,1066.182895805077
27045.743381543132,816.6457078178472,7193.601669364738,335.1252725171563,2136.934374497628,197.2042372251707,3346.592770176446,1051.5108521750874
27031.979010192,819.0425738256633,7189.818937176922,340.84938629404473,2223.7918536555712,203.79922534362228,3313.3693066984674,1052.4492671049695
27053.816503617894,821.4663380771246,7275.279551604904,347.3552799078216,2296.248093636258,218.69601424752744,3255.7915345406877,1015.7751943416331
27039.867366666196,821.8723710694542,7290.454751960886,352.58872424678265,2229.848957375208,210.83249861513357,3310.4417875818585,1054.6003350869507
27027.868842921656,826.1123057779379,7287.210179907439,351.3207849146016,2203.02649372729,213.3725248068225,3335.3220680216614,1000.1467173020274
26997.105911583625,826.769688802665,7277.484265248283,361.5764619077018,2209.074054900866,224.205684817407,3317.2613095168354,976.8620180755793
26983.833798546264,823.739649213711,7277.378684771966,361.34732178681844,2207.188683176933,218.54287006748115,3364.369501984731,998.0770876533053
26925.122880745595,823.3967723254738,7205.599303921975,355.84935671757444,2172.29161806261,208.71367644964232,3357.383832431001,1008.2355425001067
26902.091576363735,825.8452464181273,7211.077025588773,361.89614876420717,2199.156018416514,207.1731094458844,3350.61078450275,1038.4473592924207
26888.244002267667,824.745797520832,7207.337175291249,353.58513147873424,2300.423618673496,209.7781422961107,3419.1484274319605,1053.1548527753491
