0.000000000000000000e+00,0.000000000000000000e+00,0.000000000000000000e+00,0.000000000000000000e+00,0.000000000000000000e+00
0.000000000000000000e+00,0.000000000000000000e+00,0.000000000000000000e+00,0.000000000000000000e+00,0.000000000000000000e+00
1.154066105976937479e+03,1.333852777777778101e+03,0.000000000000000000e+00,0.000000000000000000e+00,0.000000000000000000e+00
1.792337424603292902e+03,2.042806116245284102e+03,0.000000000000000000e+00,0.000000000000000000e+00,0.000000000000000000e+00
4.050063393305420504e+03,4.655075636086434315e+03,0.000000000000000000e+00,0.000000000000000000e+00,0.000000000000000000e+00
3.955545167790365667e+03,4.605277520558793185e+03,0.000000000000000000e+00,0.000000000000000000e+00,7.052191442547316547e+04
4.009910030768310662e+03,4.492790686101762731e+03,3.557056904023667698e+02,4.029590997848315510e+03,1.271792920547974791e+05
4.268440291458177853e+03,4.955591766444563291e+03,4.083925104340001440e+02,4.626450540535326581e+03,1.968897083202948852e+05
4.097526191556592494e+03,4.676109808319717558e+03,3.971872640844986790e+02,4.499512566145464916e+03,2.634435700868639979e+05
4.431373630425598094e+03,5.145411394540903530e+03,4.088015252049168566e+02,4.631084040317150539e+03,3.178329452213532641e+05
5.192150127459686701e+03,5.939814153004193031e+03,4.596208052637221044e+02,5.206787266235325660e+03,3.942003579999794601e+05
4.843574597763018573e+03,5.618336247766728775e+03,4.536873163770770816e+02,5.139570086278457893e+03,4.075460680493388791e+05
6.708569552874561850e+03,7.498699150003712930e+03,5.243531553102783391e+02,5.940103887406346985e+03,4.171367070569882053e+05
8.097000119267113405e+03,9.184760152684706554e+03,4.942454524252179340e+02,5.599030545638059266e+03,4.161359680440441007e+05
8.314598720951980795e+03,9.422105866750927817e+03,5.460708990915607046e+02,6.186132070806050251e+03,4.381489988812035299e+05
7.995257346578080615e+03,9.424521034687833890e+03,7.713396503764121235e+02,8.738075873693069298e+03,4.535444692871736479e+05
7.376133747339364163e+03,8.459522021443090125e+03,6.712822764893243175e+02,7.604581797093755085e+03,4.496870910867629573e+05
1.248804570463638447e+04,1.432952994077039148e+04,6.356808797876683457e+02,7.201273467959234949e+03,4.545959845350002288e+05
8.888924991221261735e+03,1.008301479168956030e+04,9.217587847746143552e+02,1.044209019291718141e+04,4.471088066502417787e+05
8.992733805392192153e+03,1.001600924491274600e+04,6.541754715586614566e+02,7.410788363335160284e+03,4.470952894642481697e+05
7.131667956813401361e+03,8.131722661742777746e+03,7.631011333880301208e+02,8.644746318423791308e+03,4.463106913182007847e+05
7.817373040887589923e+03,8.956460260484929677e+03,7.269112277535969042e+02,8.234771100449257574e+03,4.367090020196237601e+05
9.403313398567923286e+03,1.082633999737512022e+04,7.663660457896347680e+02,8.681732686585028205e+03,4.396567875958681107e+05
1.352772951425620886e+04,1.565967104325164109e+04,7.987082825978939127e+02,9.048119814509289426e+03,4.369731618054056889e+05
9.855288665888496325e+03,1.112534291788431801e+04,9.273158079824600009e+02,1.050504260356835402e+04,4.260710057529438054e+05
1.256951783601763418e+04,1.421074452977360124e+04,7.609406668632808532e+02,8.620271600435909932e+03,4.255747601564168581e+05
8.542424076434459494e+03,9.937344749311523628e+03,7.896271900699075559e+02,8.945245191783946211e+03,4.362111074109349865e+05
1.167879371783045644e+04,1.317151928398817290e+04,8.615120432167215085e+02,9.759588523751408502e+03,4.310340620947451680e+05
9.904912550074717728e+03,1.147127417726882777e+04,9.346700100943598954e+02,1.058835424975806563e+04,4.367163515243487200e+05
7.273549290470533379e+03,8.137406071638557478e+03,1.020821703221603570e+03,1.156431863953838001e+04,4.312432018687155796e+05
1.276850818238812462e+04,1.414975261450135804e+04,7.617600064063651644e+02,8.629553440271700310e+03,4.325319962353068404e+05
1.134100148871622150e+04,1.298976387655767758e+04,9.308402402546792018e+02,1.054496892732380365e+04,4.292213345905557508e+05
1.041757018867929582e+04,1.209759572117479183e+04,7.848050049208562768e+02,8.890617350872560564e+03,4.292108096203714958e+05
9.637182171295804437e+03,1.099306164360660478e+04,8.146200953046451332e+02,9.228375849126121466e+03,4.280051404443577630e+05
1.163222893207876041e+04,1.350971280564413610e+04,8.864587286002241626e+02,1.004219558222664455e+04,4.243966446371608181e+05
8.135240206548053720e+03,9.152786651343158155e+03,8.256067934223694920e+02,9.352838012723166685e+03,4.306090635629234603e+05
1.031185740753978280e+04,1.192085338923954441e+04,8.232033891780525892e+02,9.325611189064162318e+03,4.255660569165408378e+05
1.059529653595014861e+04,1.210439875947753535e+04,9.375262152556912270e+02,1.062071060198029045e+04,4.251953455760698416e+05
9.142345941473802668e+03,1.060126472352738710e+04,9.016056810136782360e+02,1.021378694198546327e+04,4.154547950637135655e+05
8.387736187442007576e+03,9.979842393164701207e+03,7.826367217015483675e+02,8.866054081920003227e+03,4.105185563514531241e+05
1.381957723017275202e+04,1.558598120572268999e+04,9.032286618591921297e+02,1.023217278506085859e+04,4.003596205561196548e+05
1.195028838079219349e+04,1.362948591999438577e+04,9.713573032087398360e+02,1.100396409255225990e+04,3.990001756625795970e+05
1.166023558154793500e+04,1.310578365031330031e+04,1.101425069310089839e+03,1.247742913270769532e+04,3.889735281440696563e+05
1.023355562614074734e+04,1.167086473543203101e+04,8.430425436275461379e+02,9.550357883681755993e+03,3.840704066153552267e+05
9.868210573144635418e+03,1.136874244262461980e+04,8.404852450511070856e+02,9.521387677130456723e+03,3.819692141865841113e+05
1.171441994096001326e+04,1.315465409170220664e+04,9.182031746345290912e+02,1.040181067251890272e+04,3.827860189514785889e+05
1.004455784790073085e+04,1.181616609518663790e+04,1.009966097481674865e+03,1.144134154823482277e+04,3.814815025179344229e+05
1.320899244849791103e+04,1.522063602506368443e+04,7.919604674616565489e+02,8.971677587517169741e+03,3.769411788748031249e+05
9.644884100639465032e+03,1.101103246545466391e+04,1.018901566003874677e+03,1.154256647797345977e+04,3.788980088375253254e+05
1.292138145865135994e+04,1.523720947592631455e+04,1.053047878114255809e+03,1.192939096687625351e+04,3.704300552913866122e+05
1.131559675688362768e+04,1.264542940616384294e+04,8.953365507668314649e+02,1.014276746861562060e+04,3.673990470527720754e+05
1.039682361181210581e+04,1.201282292705799227e+04,8.725182300390757746e+02,9.884271463992896315e+03,3.652785974351868499e+05
8.871047831857384153e+03,1.006543264857922077e+04,9.278844560270474631e+02,1.051148449950434951e+04,3.625553264028786798e+05
1.375799780649623790e+04,1.548207370561072457e+04,9.282387607851455869e+02,1.051549822012296681e+04,3.648654253225410357e+05
1.070036386851279349e+04,1.246736201022559544e+04,8.913143636115037225e+02,1.009720235793539541e+04,3.672415071970665595e+05
1.139717595895357044e+04,1.319497730837947893e+04,9.035759687835688965e+02,1.023610723113164204e+04,3.766758448488721042e+05
9.550051338490879061e+03,1.081305273831479462e+04,8.920993127295340628e+02,1.010609460786315503e+04,3.738050193788824254e+05
9.230286250411980291e+03,1.088673612204613892e+04,9.545339218152824969e+02,1.081338140566928996e+04,3.693655889390073717e+05
1.130996771131201967e+04,1.313179431607860170e+04,8.965824860881955374e+02,1.015688197364136431e+04,3.765118821504905936e+05
1.071108210230722034e+04,1.230545299365547180e+04,8.615460588647849818e+02,9.759973868020339069e+03,3.737297949652571115e+05
1.095320626150195676e+04,1.236186255801491461e+04,1.073315750125093246e+03,1.215899436317848267e+04,3.732861006375954603e+05
1.096923591570797726e+04,1.217056324095740456e+04,9.781010782425470325e+02,1.108036055148156265e+04,3.762458028813980636e+05
1.322572502164698562e+04,1.455920788080497732e+04,9.752283344221312973e+02,1.104781684203239092e+04,3.706224668191371602e+05
9.809850374434810874e+03,1.124588285915799679e+04,9.831200018241607950e+02,1.113721713215780073e+04,3.701466652593868785e+05
1.221714969550974638e+04,1.400895331805651767e+04,1.136300602797283545e+03,1.287251456309871355e+04,3.608315012023276067e+05
8.883551263533436213e+03,1.012160778921343808e+04,1.055662817394150125e+03,1.195901415274731153e+04,3.576175744291271549e+05
1.329688899781078544e+04,1.493473985901333799e+04,1.056001096906220482e+03,1.196284633230860345e+04,3.486915533472708194e+05
1.171119297664681653e+04,1.346248558342477918e+04,1.026002561921288361e+03,1.162300969267772962e+04,3.486630663240919239e+05
1.168854708711025705e+04,1.347352038455574075e+04,9.548959839484462009e+02,1.081748300525519517e+04,3.456867399630318978e+05
1.087461401289175228e+04,1.258105940855659537e+04,8.700279959161434817e+02,9.856060993159686404e+03,3.421626194564243779e+05
9.411700791125649630e+03,1.066991345122039820e+04,1.192294391680210310e+03,1.350683690796429619e+04,3.473304517275645630e+05
1.191678859455883867e+04,1.399300154898363508e+04,9.387391487126355969e+02,1.063445124732549993e+04,3.450456179007817991e+05
1.054843835663781647e+04,1.205740184331368619e+04,9.268582000189095425e+02,1.049985861866111009e+04,3.398137894526190939e+05
1.550937715256589217e+04,1.778147459778697885e+04,1.108061763620487227e+03,1.255261253395831045e+04,3.423598126476695179e+05
1.416428964481817093e+04,1.600593355633220017e+04,1.060355192412620227e+03,1.201217144722738158e+04,3.338893416587772081e+05
9.939422486322693658e+03,1.123616196706958362e+04,9.847618802899683033e+02,1.115581705581349161e+04,3.301586288928590366e+05
9.650878610173351262e+03,1.074958392519133668e+04,8.864703201303387914e+02,1.004232689619395387e+04,3.351142187263985979e+05
1.196549879183882513e+04,1.360148587057354052e+04,1.085176395658405454e+03,1.229335698868397048e+04,3.343087517078001401e+05
1.586673255158667234e+04,1.758398985651248950e+04,1.043946084884374386e+03,1.182628183746671493e+04,3.290582754025245667e+05
1.022606092786866066e+04,1.148761702714803869e+04,1.142899878476247750e+03,1.294727406958339270e+04,3.192968176414846093e+05
1.255915964593653553e+04,1.448445332150159993e+04,1.051406821983326608e+03,1.191080035899287759e+04,3.219989250211444451e+05
9.694168293131813698e+03,1.095979645334284578e+04,1.095793941334325609e+03,1.241363723055059563e+04,3.216142288430590997e+05
1.131240983524484363e+04,1.300688788243324962e+04,9.426572448880202728e+02,1.067883716946010099e+04,3.246360742347616469e+05
1.513297292380894396e+04,1.817769471385507495e+04,1.123229133080807060e+03,1.272443518703200425e+04,3.237870515265036956e+05
1.274361277121629428e+04,1.467039540115723867e+04,9.983941505275187183e+02,1.131024942760751765e+04,3.207224765112767345e+05
1.158962097779482974e+04,1.323607012994094657e+04,1.074201147257317416e+03,1.216902453252858504e+04,3.142788656224910519e+05
1.273041326184522040e+04,1.449869220770167340e+04,1.126893194818093434e+03,1.276594329497210492e+04,3.063349922406935948e+05
1.340375077599161341e+04,1.542710533474533986e+04,1.167307303323427050e+03,1.322377214678198834e+04,3.121762498600529507e+05
1.708957831782605354e+04,1.945039622542039433e+04,1.219742598164767060e+03,1.381778230114071084e+04,3.063632826478508068e+05
1.170980055639992497e+04,1.390378318537212181e+04,1.067243081796541446e+03,1.209020049709787236e+04,3.061682733589364798e+05
1.143280355247537955e+04,1.327499929563885962e+04,1.114729371211837588e+03,1.262814613449446733e+04,3.098295914516643388e+05
1.257275611410317288e+04,1.411049852094125890e+04,9.993539988835535723e+02,1.132112301326874876e+04,3.008163287809317117e+05
9.416898357721660432e+03,1.058606324017141924e+04,1.117918054993319856e+03,1.266426895121497364e+04,3.023280515150564024e+05
1.861849640622502193e+04,2.070645654911642123e+04,1.052082627020353812e+03,1.191845617661678079e+04,2.941613590981292073e+05
9.669332408414482416e+03,1.103068097622473579e+04,1.330548645099783926e+03,1.507304208833002122e+04,2.978103130518361577e+05
9.531188721676711793e+03,1.097106662336581030e+04,1.104098063628522596e+03,1.250770999166913680e+04,2.943704211457124329e+05
1.175849403432612417e+04,1.367407790168909924e+04,9.202589442071943040e+02,1.042509933724139228e+04,2.957968942469343310e+05
1.024660803018775550e+04,1.164636303402963676e+04,1.088974225241444401e+03,1.233638047779898807e+04,2.919564457063134178e+05
1.164296850635564806e+04,1.331104111495299549e+04,1.022856562898051607e+03,1.158737042773109715e+04,2.915314578660434345e+05
1.316878574832230879e+04,1.488535038637512480e+04,1.022875841253447447e+03,1.158758882144661220e+04,2.914824032150389394e+05
1.409576189381463155e+04,1.624189380471948243e+04,1.269161741899294611e+03,1.437762416503881832e+04,2.921452703664139844e+05
1.261640425824733393e+04,1.407930968868263517e+04,1.137969289630050071e+03,1.289141818376313859e+04,2.856747982083354145e+05
1.175835023933776029e+04,1.337904015265752423e+04,1.182323351698127681e+03,1.339388056783508546e+04,2.766186270721652545e+05
1.122489323084708849e+04,1.254718019109754096e+04,1.043232794684126020e+03,1.181820137137542770e+04,2.849624359728177078e+05
1.194984185384988814e+04,1.344863001580601303e+04,1.044991356086930182e+03,1.183812313082180481e+04,2.987895126701950794e+05
1.204013647122757902e+04,1.429563538417834570e+04,9.781807113893718224e+02,1.108126267090285182e+04,2.997454573021361139e+05
1.084658000471254491e+04,1.243932530183965537e+04,1.112633436798274488e+03,1.260440246473360276e+04,3.056307911536044558e+05
1.436647498336282479e+04,1.632603974157155972e+04,1.070745530446230987e+03,1.212987778067815634e+04,2.977388700353874010e+05
1.139621757381994212e+04,1.321979670265318236e+04,1.111245854807226578e+03,1.258868332373932208e+04,2.909335932023817440e+05
1.302169468548034820e+04,1.484112496216656655e+04,9.712319392851223938e+02,1.100254391471509189e+04,2.931903977756050299e+05
1.113269544897217020e+04,1.255847611001955011e+04,1.150720099613395632e+03,1.303586498489820951e+04,2.860954818568495102e+05
1.078027701745301238e+04,1.219032093882516347e+04,1.021018158863974122e+03,1.156654417573117462e+04,2.849989023831899394e+05
1.732971146256921202e+04,2.024966197692770947e+04,1.021884707880905125e+03,1.157636082531546708e+04,2.867279039263349841e+05
1.264376954528550777e+04,1.445504079213626937e+04,1.262598966760168423e+03,1.430327815277342233e+04,2.774384935187596129e+05
1.368267321253941373e+04,1.522729069129520576e+04,1.034297000566147062e+03,1.171697275314415128e+04,2.794416179525772459e+05
1.076589000487441081e+04,1.236909386764467854e+04,1.144433463535958936e+03,1.296464719775589037e+04,2.799043704071260872e+05
1.420225115640674267e+04,1.602056497388138450e+04,9.834610597856463983e+02,1.114108078721991842e+04,2.924962395867243758e+05
1.591101108583304085e+04,1.797902631747464693e+04,1.062511348032526485e+03,1.203659732938323396e+04,2.869983802855745889e+05
1.378421427309514183e+04,1.538462078719716010e+04,1.162565787284200724e+03,1.317005816113782566e+04,2.893084342896497692e+05
1.319611155704297016e+04,1.515504540299090149e+04,1.128756860645651386e+03,1.278705572371405106e+04,2.868830910088297678e+05
1.319098055827364988e+04,1.508150329039237840e+04,1.033337030331327696e+03,1.170609778678627663e+04,2.994703854940268211e+05
1.132122352192345352e+04,1.309831578767428255e+04,1.246533999270650611e+03,1.412128711320568254e+04,3.004662095679537160e+05
1.159447415504867968e+04,1.317805615463971480e+04,1.329333666067042714e+03,1.505927826979967904e+04,2.869747163004577160e+05
1.440718951098272009e+04,1.616872227736881177e+04,1.142464169477046198e+03,1.294233816580609346e+04,2.868256399314845330e+05
1.141236452914674010e+04,1.340952304416387415e+04,1.125165680342502128e+03,1.274637324881506720e+04,2.824125241243438795e+05
1.167163306204931541e+04,1.330964740390601946e+04,1.090265812735303371e+03,1.235101215077644338e+04,2.713923481131560402e+05
9.212752484228627509e+03,1.044092823074559419e+04,1.000597512152507079e+03,1.133521008021617854e+04,2.710165428100848221e+05
1.639930400570593702e+04,1.919076185762807290e+04,1.061725472820802679e+03,1.202769458825752372e+04,2.569983844287776446e+05
1.249072202386969366e+04,1.416492035192214462e+04,1.123441001373105109e+03,1.272683532452321924e+04,2.502093553907790920e+05
1.316119555049785777e+04,1.486134416138578308e+04,1.128867955615519577e+03,1.278831425654770101e+04,2.423319154048269556e+05
1.273752203907810144e+04,1.469824583311014794e+04,1.024999352115421971e+03,1.161164488938178147e+04,2.372962370391912118e+05
1.356080567188044370e+04,1.564184601625427422e+04,1.146109964417694755e+03,1.298363933941459072e+04,2.407544004126077925e+05
1.703966611427517637e+04,1.946315145548494183e+04,1.116475257699879876e+03,1.264792430691426307e+04,2.414808044130006456e+05
1.487100727397799346e+04,1.668320339676532240e+04,1.162444929447826553e+03,1.316868903024503015e+04,2.442760768050877959e+05
1.101761896654269913e+04,1.293224473389843843e+04,9.589631816485288027e+02,1.086355801524500748e+04,2.597377994739647547e+05
1.145448944664362534e+04,1.314239243402240209e+04,1.211768409181321886e+03,1.372744717013258924e+04,2.557729666051133245e+05
1.626606519877622668e+04,1.871570576515655193e+04,1.062114524271204345e+03,1.203210193473675827e+04,2.589159462415518647e+05
1.207617324474032284e+04,1.347448639971365810e+04,1.127153687506037159e+03,1.276889427107022675e+04,2.665419190026583965e+05
1.177614266008599589e+04,1.346242843275110863e+04,1.117735920590895148e+03,1.266220565234680362e+04,2.700735342554801609e+05
1.412460191306898923e+04,1.587930521710955873e+04,1.201613551409460797e+03,1.361240846098055590e+04,2.668112846782723791e+05
1.448355792405987268e+04,1.660913941515167971e+04,1.282366390819917342e+03,1.452721225388861785e+04,2.735661245590403560e+05
1.541791701955295139e+04,1.747377454664736069e+04,1.176387084530470474e+03,1.332663191428513710e+04,2.712598475590622402e+05
1.401262910010786072e+04,1.629568252709441003e+04,1.258702913370962960e+03,1.425914194104591297e+04,2.678040793825318688e+05
1.217335687814565608e+04,1.372524648254210661e+04,1.192633928189447488e+03,1.351068332734408068e+04,2.726883169935612823e+05
1.144718475008839596e+04,1.298939099328533848e+04,1.346710060465421520e+03,1.525612573199114559e+04,2.755315973000675440e+05
1.098416308193081022e+04,1.265048402097471990e+04,1.124719085790185090e+03,1.274131402868937948e+04,2.720248523143192288e+05
1.589166262609997284e+04,1.878026121682169105e+04,1.172083729417056929e+03,1.327788160892471205e+04,2.698496311815873487e+05
1.575744151957551367e+04,1.852121386849948976e+04,1.208443867839418544e+03,1.368978529902742230e+04,2.612675867466630589e+05
1.347542257133116982e+04,1.502134457114620091e+04,1.118345978823260339e+03,1.266911666116007655e+04,2.565784405684281664e+05
1.626159323186078109e+04,1.830330949981502636e+04,1.153967903631443505e+03,1.307265754174231552e+04,2.519541106136733433e+05
1.033671058359574818e+04,1.175521071239868979e+04,1.213710201469430785e+03,1.374944464988896834e+04,2.474634028081109282e+05
1.652122812368773157e+04,1.901511540658072045e+04,1.112459093124645733e+03,1.260242742267849462e+04,2.485687127529567224e+05
1.222598340116158397e+04,1.391100811622631772e+04,1.355638288715087583e+03,1.535726864072811986e+04,2.457122214109297493e+05
1.090666604893357180e+04,1.243298304839806951e+04,1.033499220379256940e+03,1.170793514720729399e+04,2.394613125191058207e+05
1.190885653026942418e+04,1.346846005502005210e+04,1.007542165841660676e+03,1.141388218118069381e+04,2.367813245147431153e+05
1.074309175792066344e+04,1.225214796919507717e+04,1.193456301074363409e+03,1.351999953021444526e+04,2.351165797441918985e+05
1.269158786396832147e+04,1.478443676682996738e+04,9.253427323819597632e+02,1.048269073264704275e+04,2.444400310675294604e+05
1.271132088051170103e+04,1.493891695841719775e+04,1.080339055832181657e+03,1.223855746890334922e+04,2.327781835348732711e+05
1.428210255513859011e+04,1.664499885568327591e+04,1.100338132716214432e+03,1.246511583541701111e+04,2.328014982769641792e+05
1.327556666667456011e+04,1.504263518943357485e+04,1.121761245543551013e+03,1.270780630937955539e+04,2.244973680160721124e+05
8.887019319356786582e+03,1.017570324498123955e+04,1.070191420108412331e+03,1.212360057429845801e+04,2.294260785786694032e+05
1.268161668621533681e+04,1.459750059229112230e+04,9.589260193386647870e+02,1.086313702420289701e+04,2.448314302026730438e+05
1.651702863021965459e+04,1.879539918385356214e+04,1.111285363832341318e+03,1.258913089940716054e+04,2.512777956676709291e+05
1.261587877949289759e+04,1.461883305363391264e+04,1.286577246015259107e+03,1.457491467936626032e+04,2.503397771701067395e+05
1.557633175778658551e+04,1.810571399636323986e+04,1.119030190990210031e+03,1.267686771846095871e+04,2.473643468389640329e+05
1.283302716417303236e+04,1.502077668302109669e+04,1.041994076966160264e+03,1.180416863054537862e+04,2.462728436207104241e+05
1.318843526872471557e+04,1.464691618551473402e+04,1.071510239908946915e+03,1.213854074686079912e+04,2.533824052646524215e+05
1.389036289279637640e+04,1.574738369456779583e+04,1.232888653722334084e+03,1.396670661852248668e+04,2.541318747416050755e+05
9.442064062805873618e+03,1.062485969066030520e+04,1.143287332949433676e+03,1.295166332480014353e+04,2.517248753280203964e+05
1.274783264870955463e+04,1.441684701674332064e+04,9.739423745829296877e+02,1.103324892160980926e+04,2.560338119201024238e+05
1.488550311312958365e+04,1.723540047914487150e+04,1.263189213027656933e+03,1.430996472290755446e+04,2.498986411931738257e+05
1.436372892445196157e+04,1.640809597712640243e+04,1.256891040705420210e+03,1.423861624809436216e+04,2.594863013704832410e+05
1.332438103962253990e+04,1.529279205267444559e+04,1.242078303540084562e+03,1.407081102612163886e+04,2.603923349279822141e+05
1.653775883406721914e+04,1.894191101305190386e+04,1.380307411176826463e+03,1.563673134396515343e+04,2.532643696416313760e+05
1.258276166748138166e+04,1.463935356787356977e+04,1.298111995313584885e+03,1.470558540853675186e+04,2.506097948552444577e+05
1.012395416865568404e+04,1.138697245594773995e+04,1.167911167447148500e+03,1.323061298599971087e+04,2.592889510757331736e+05
1.149313991139531754e+04,1.340936273173650261e+04,1.188135873647631570e+03,1.345972738095753448e+04,2.568138645524954482e+05
1.469016394739996758e+04,1.683383254256340661e+04,1.092663936107916697e+03,1.237817915039087529e+04,2.479685890818911430e+05
1.495181790657591773e+04,1.707889498405232371e+04,1.177984181988101000e+03,1.334472453892286649e+04,2.403287070304975496e+05
1.146720739047427924e+04,1.281740346636530012e+04,1.334603569531842140e+03,1.511897806132470032e+04,2.348807873438551906e+05
1.031595891989711708e+04,1.168680440922435082e+04,1.392054362025993214e+03,1.576980598592667047e+04,2.400296043663494056e+05
1.373831060802840875e+04,1.575382465599390343e+04,1.270936574110390893e+03,1.439773024738019012e+04,2.395742959111026721e+05
1.390200832515686125e+04,1.598057654796549105e+04,1.142264148599280588e+03,1.294007224105376736e+04,2.347807468691761023e+05
1.107958420010106784e+04,1.256254044503085606e+04,1.213257339533857248e+03,1.374431443008059068e+04,2.409741560365250043e+05
1.443705193541628068e+04,1.646901180048534297e+04,1.125563524429682730e+03,1.275088020216303448e+04,2.487784673275580863e+05
1.272295425783960854e+04,1.444960847618017215e+04,1.340089348764692659e+03,1.518112338879436356e+04,2.370196225315488118e+05
1.480207679350512444e+04,1.755572644056278659e+04,1.157187454313444050e+03,1.310913003233033669e+04,2.276615900393702032e+05
1.505060728645783638e+04,1.705769825816877710e+04,1.190156794716356217e+03,1.348262126645226272e+04,2.284623672205783369e+05
1.196994854312715324e+04,1.340002291615538707e+04,1.313490473827200731e+03,1.487979959810727087e+04,2.238832781177108118e+05
1.263268224092650053e+04,1.402637853969490061e+04,1.121399570924560976e+03,1.270370909972517984e+04,2.310066441682286095e+05
1.363398210965850376e+04,1.596167407654617818e+04,1.072268099019633155e+03,1.214712610923328248e+04,2.334978139144144370e+05
1.986393105767662928e+04,2.180559613355433612e+04,1.090465187146631251e+03,1.235327075207174312e+04,2.348989882149623008e+05
1.013319506582250688e+04,1.129747618698882070e+04,1.316383922899081426e+03,1.491257786578017294e+04,2.290785222639107960e+05
1.591269902950622418e+04,1.811131723227742259e+04,1.116976139694741505e+03,1.265359851914065621e+04,2.319443100704970711e+05
1.024164188160642516e+04,1.182618625832675025e+04,1.420172260535480291e+03,1.608833794582890005e+04,2.184233053008829011e+05
1.448953506340248350e+04,1.612587215449810719e+04,1.044797892614508100e+03,1.183593149125032869e+04,2.134469806830534944e+05
1.318123632011943482e+04,1.467911209109562333e+04,1.144514828406104471e+03,1.296556893490299262e+04,2.215730719376568159e+05
9.952921807699251076e+03,1.141992438208729436e+04,1.318586390179583987e+03,1.493752838685991446e+04,2.156108302806330903e+05
1.511231535570849519e+04,1.777208174105470971e+04,1.111387622693406001e+03,1.259028933290180248e+04,2.173162854043009575e+05
1.646644308100972557e+04,1.943141221867954664e+04,1.156177717981588103e+03,1.309769129366848210e+04,2.160109487429660221e+05
1.624017209075490791e+04,1.848673024878093565e+04,1.141779593056951626e+03,1.293458298208487759e+04,2.068306554520063801e+05
1.659941110733749156e+04,1.956464704691491715e+04,1.139240121100560827e+03,1.290581472335056969e+04,2.022888237225610646e+05
1.590137200332618522e+04,1.781406093957742269e+04,1.180878987585173491e+03,1.337751817391163786e+04,2.018036990725235373e+05
1.236244461649047298e+04,1.427661393625123674e+04,1.067690273624659994e+03,1.209526648342735643e+04,2.017325103388480493e+05
1.310772899927808430e+04,1.510943598642743200e+04,9.983711138905516691e+02,1.130998845842021547e+04,1.973630557740928489e+05
1.358068924857407546e+04,1.584717226492712689e+04,9.412684092692973081e+02,1.066310382681841838e+04,1.958991853362598922e+05
1.560761247323779025e+04,1.814373301635305324e+04,1.144234637699260702e+03,1.296239481095602605e+04,1.898404701566905132e+05
1.165402173876185589e+04,1.336145387644859693e+04,1.242274097350680449e+03,1.407302906479208832e+04,1.930468752316746977e+05
1.339518472804728844e+04,1.535715297102007389e+04,1.260566315830133135e+03,1.428025138623456405e+04,1.987205107590983971e+05
1.310471550534483322e+04,1.480321685408389749e+04,9.763749230718342460e+02,1.106080590412991114e+04,1.996190352165172226e+05
1.088142818855968471e+04,1.247208329318351025e+04,1.150494680804496966e+03,1.303331134117646798e+04,2.012264630568184657e+05
1.719209495378469364e+04,1.903675649351271568e+04,1.036374447503585770e+03,1.174050698861882483e+04,1.996129698206315807e+05
1.189112654662810746e+04,1.387682542861691036e+04,1.137697937757857517e+03,1.288834419003478615e+04,2.011076645152025449e+05
1.278238239242200871e+04,1.485793082643324851e+04,1.216922791149251452e+03,1.378583828317310872e+04,1.896857076857503271e+05
1.093475009107992446e+04,1.246754982290012777e+04,1.043431966216458704e+03,1.182045767436795904e+04,1.816318239098906633e+05
1.630631617310237016e+04,1.845534973182020622e+04,1.075739136603148154e+03,1.218644755439741130e+04,1.850865426707059669e+05
1.217748266181740109e+04,1.380460994760672293e+04,1.337667770357762492e+03,1.515369068020285522e+04,1.844532422610516078e+05
1.339961576965596214e+04,1.532523006356710175e+04,1.057320638513736412e+03,1.197779468181889024e+04,1.733667814692910179e+05
1.346503590541544327e+04,1.545174762724447464e+04,1.061843139861981626e+03,1.202902757241457039e+04,1.821640986357719521e+05
1.219815498335276789e+04,1.428046033294013614e+04,1.373197216320802227e+03,1.555618391962574242e+04,1.774043438524535159e+05
1.416586097368797346e+04,1.605602896069848066e+04,9.928358489795986088e+02,1.124728253535597833e+04,1.857830155492264894e+05
1.296512519739519848e+04,1.467241243145495537e+04,1.054779522117360784e+03,1.194900779414290992e+04,1.900333929375424923e+05
1.249566974075985672e+04,1.461940112294864230e+04,1.101944538369416705e+03,1.248331390740094321e+04,2.043565086158848717e+05
1.464897856894899451e+04,1.652928138218878303e+04,1.293384997792249578e+03,1.465203589506881326e+04,2.022829093197797774e+05
1.087708912079598485e+04,1.195019447990645858e+04,1.144372182787947850e+03,1.296395298240542070e+04,2.075039347291405429e+05
1.127262831066275248e+04,1.250446924799936278e+04,1.234251233400216051e+03,1.398214252228223086e+04,2.015522016025221092e+05
1.705833596087977639e+04,2.005569649289216613e+04,1.079431580373749512e+03,1.222827718653302691e+04,2.102591254704534658e+05
1.533171617626125044e+04,1.755294664312350142e+04,1.448006425351330563e+03,1.640365564526660819e+04,2.096640332776637806e+05
1.280756772304196056e+04,1.471885546686224916e+04,1.256399540695405221e+03,1.423304831913163252e+04,2.100251849051153404e+05
1.005690635161383943e+04,1.143628635493140428e+04,1.297231714775302407e+03,1.469561320222025643e+04,2.080043795411684550e+05
1.208658095228071943e+04,1.400753972553978383e+04,1.188240375221269687e+03,1.346091122088968950e+04,2.116812554486566514e+05
1.393939186164559578e+04,1.592369905103684505e+04,1.320949520755688127e+03,1.496429897263670682e+04,2.106011751454035693e+05
1.422214999075715969e+04,1.591535024494680874e+04,1.332018630800626397e+03,1.508969473490528435e+04,2.157282030695599678e+05
1.529046777898413529e+04,1.798189192085631657e+04,1.325060863589185601e+03,1.501087407817462918e+04,2.209931915596355102e+05
1.513913385065051079e+04,1.715755747520551449e+04,1.303112111562314794e+03,1.476222893144830778e+04,2.206302033037934161e+05
2.175276132307027001e+04,2.456743751344388875e+04,1.482995228903139832e+03,1.680002424892422277e+04,2.167252551860083186e+05
1.423381225048910164e+04,1.638007202370695632e+04,1.634605887578848524e+03,1.851753668086316611e+04,2.111051555914021155e+05
1.370229283474594558e+04,1.537550282877340760e+04,1.346254069658636809e+03,1.525096006694923199e+04,2.040251582043094677e+05
1.178803531998633844e+04,1.349758777180523794e+04,1.377220959585591118e+03,1.560176665860049798e+04,1.992086750321085856e+05
2.077384103664936993e+04,2.315873856293001154e+04,1.391493890972318013e+03,1.576345672255140744e+04,1.989030011114145454e+05
1.442706054774053337e+04,1.628286697072508287e+04,1.627951886615277999e+03,1.844215722220972748e+04,1.957204980655849504e+05
1.337002250042812193e+04,1.549634531187343964e+04,1.439899774824054703e+03,1.631181993144808257e+04,1.898071559352328768e+05
1.424201752217684771e+04,1.595642420033420967e+04,1.048506425510480540e+03,1.187794338809665351e+04,1.814468610826248769e+05
1.365847318280023683e+04,1.555108167815736306e+04,1.258962080754807857e+03,1.426207790351448057e+04,1.726599758338822867e+05
1.423907792505034740e+04,1.599199738424601674e+04,1.235092077201168877e+03,1.399166797183880954e+04,1.822917358676962613e+05
1.308390295795788552e+04,1.482009307030678247e+04,1.250405841948769421e+03,1.416514905531626391e+04,1.904000559397558973e+05
1.088108779057300308e+04,1.224220677901556337e+04,1.220579001429807249e+03,1.382725744634731200e+04,1.981366104206074087e+05
1.620747042229712315e+04,1.845758565510922563e+04,1.222892662579879016e+03,1.385346762064015093e+04,1.801828205449640518e+05
1.306478606977974596e+04,1.444075828836765504e+04,1.155281667913759293e+03,1.308754044316378531e+04,1.821806079397189606e+05
1.399170293543146909e+04,1.637732221858790945e+04,1.093610713628909707e+03,1.238890466386591470e+04,1.793668860344607092e+05
1.312095996649048720e+04,1.488245817204533341e+04,1.034660390619789268e+03,1.172108939599911355e+04,1.751070259285959764e+05
1.497106190609953774e+04,1.694178292777706883e+04,1.090907690346286245e+03,1.235828362354937417e+04,1.758967861730468285e+05
1.477550619879197984e+04,1.755730852167752528e+04,1.132490940183463636e+03,1.282935702419028894e+04,1.740970791440853500e+05
1.509482499047650708e+04,1.717898843399665930e+04,1.068971195651443168e+03,1.210977733328818431e+04,1.785906677096439234e+05
1.118522199600967906e+04,1.259169122129793323e+04,1.209906721084600576e+03,1.370635714599813218e+04,1.757310019529406563e+05
1.218800816306742854e+04,1.393122755862158920e+04,9.213770123320359744e+02,1.043776530625005944e+04,1.768679502902217500e+05
9.256699281338629589e+03,1.084249856222082781e+04,1.099198784140141925e+03,1.245220879206788777e+04,1.820132164878330659e+05
1.653063988116195105e+04,1.899292011421553252e+04,1.167893069384198043e+03,1.323040796315776061e+04,1.840421063965932990e+05
1.496299747366943120e+04,1.676854551083136539e+04,1.398687809046987468e+03,1.584495260045022587e+04,1.878398766267403553e+05
1.833985561006348144e+04,2.051503970382860280e+04,1.300542119743824969e+03,1.473311493025081290e+04,1.820587226351059217e+05
1.470883502412647431e+04,1.670429103820956880e+04,1.226481040863846374e+03,1.389411835302959480e+04,1.752935198694705323e+05
1.190105234236453180e+04,1.327301434741641970e+04,1.210609401268094643e+03,1.371431741713849988e+04,1.698766898726082873e+05
1.309018433491004362e+04,1.528453978282966273e+04,1.156934539475445035e+03,1.310626490145972821e+04,1.601883478795510309e+05
1.400869367289657566e+04,1.600098044791961547e+04,1.127319103181894661e+03,1.277076817282756019e+04,1.537279871893549280e+05
