1676.364319852939,162.15064413345507,507.5016167901134,321.815787660895,237.1076861982126,302.22371109391037,175.2299084215583,284.2980068858035
1720.610156058797,227.26125096112665,558.4814683120244,380.9474804169207,366.5673449075902,457.16759963564965,384.3404535550894,541.2745898408747
1689.7783620512268,258.93476601443655,565.274278052337,394.9225105150543,432.8018042951038,547.3911975534281,475.76379603280134,675.7235786246855
1663.717347370435,259.7099977135697,531.5267388836428,406.89652273461326,573.9103936967407,572.4211812840681,600.5513029106124,970.7483211548495
1782.7179434203,278.8859667179822,582.0162224005185,445.039696151336,556.0085154730219,536.5431484094124,716.926670226751,1157.7630740236925
1719.4622303256644,288.3195658221759,559.2184697013026,477.99823000262427,590.5087734366018,519.0551997517769,823.7031670971213,1260.9093006894723
1789.6141327074836,343.15075263038,495.768850913898,535.2366207980491,537.0788998586681,482.7507210593264,930.1043509243691,1443.9613740551276
1919.6447919639782,364.1911832852522,645.93389637256,612.3659834150009,509.6318053222682,506.1558389422059,878.6436259138276,1456.1903959908238
2039.2048014878098,404.10886168033966,624.0517154081863,680.8509267074062,535.8576087282959,537.3164862054222,1038.216483249023,1551.6472297184048
2147.1264324357594,446.48367233507247,579.3768773314781,741.8332840014591,511.84701843400876,587.1597657970882,1071.3658354251124,1782.1736805061503
2271.102928062356,489.5650447607215,616.8589876382887,758.113988096307,478.75425994113556,579.2861498286952,1118.0818918936106,1830.8477890530012
2502.3571775890437,521.0804710490719,755.1129584809747,826.6705830405863,525.9968476770283,617.3268603726269,1171.3391548824138,1879.2574941618163
2395.1190765871374,535.7876400909823,663.8812556225021,843.5564307018454,523.2126390956387,686.5382526176575,1028.6387455828296,1997.5829116003938
2371.499447306513,570.3977245834933,657.2098359629247,916.1466668425631,584.1669111863108,689.0051519667608,1001.9649859696427,2020.8484431634138
2442.6324192631046,585.1969904083161,649.551814362187,914.8685363576144,553.7159991014856,629.5850614825215,887.8802199149914,1929.1393560431388
2405.6788186367144,606.8917472523593,864.2530323262778,917.4047539717702,561.3677961293276,711.4632749695761,928.9478506459149,1994.3005174881744
2409.0097725159385,606.6715943931316,639.7772610764247,986.6267490626851,520.7155641690414,811.2186193985804,934.4043618581852,2272.217886502377
2407.4394915408716,636.3310648571328,732.0587093755984,1003.6606582722385,538.0886354906315,709.7253253048209,994.8183249578539,2243.2090549219192
2326.310777259056,679.8790755541892,733.4452132158,1044.256380423171,636.1177224437271,825.5672065878958,1010.7137275221727,2283.6807987890766
2418.813914772729,672.4952130748217,749.8827074599999,1029.3703649551667,502.73970870812116,890.610827392011,1056.8890209041174,2418.9719323590907
2376.600992041488,706.0626873659847,720.6267903396717,1175.4285851847922,480.9485468270278,907.2245355751464,1105.3204164461145,2435.2913363490566
2378.7799441602906,719.8490665394619,809.4745874336195,1163.4205690694562,541.6978611424548,933.4905666014669,1115.0795172114838,2322.309593225416
2303.8141970690813,747.31736426686,749.8052008384069,1153.3021986733659,496.394243351579,917.4325766653645,1057.380724559618,2488.5519358011047
2322.5069172810736,757.3817984021599,706.2604278299993,1198.5740112056942,548.1292605575214,1013.7663479735156,1014.1606327518725,2461.033303941367
2305.972356471324,773.63308581943,576.8827849679188,1265.8697426151248,536.4997556239605,938.0523612294886,970.5305722641856,2595.7987188559114
2350.2608703115966,820.5220820457452,666.4660805805313,1244.2054284696098,567.667655111135,1007.3825454939939,979.9829896715516,2448.639550765754
2288.8193532634787,815.0457033889672,648.1733719418601,1192.3846609446014,663.808914783492,932.6109564056268,1037.3147505720724,2316.2678880487997
2349.636096853391,827.7819951929869,569.0189000733093,1371.5548257722721,545.0816176241767,1074.9697345664513,1088.506128577664,2612.934992809515
2239.961607585941,860.8926695315838,703.1549168395361,1377.6904924674486,474.5262513101563,1047.513778326177,1114.090027065452,2712.1715669637015
2295.560130036514,883.038049862005,650.9813777035407,1305.4512154787553,634.4757847843782,1163.5892378134788,1166.7019720773662,2816.7457355026145
2303.354787915437,906.4178922644112,687.1505984843595,1411.9625076570992,643.5823870228211,1172.2302290521857,1294.1394630104464,2796.9848802429633
2298.0132476503427,891.775419308355,659.1408626581482,1424.7354631770709,533.3433875409288,1014.9567524557117,1358.6369584689703,2696.8861577275607
2269.6377006432062,945.175502168923,708.2206819265738,1516.53874147848,539.2238687517292,1263.406804200102,1247.689018324717,2539.4351911125204
2319.314082625177,1003.6393283283235,728.0474392218564,1497.0203364650124,531.5475093689428,1205.5913264270798,1303.892265784992,2351.760208783088
2344.7199170394115,999.1406280757418,531.8929448929896,1554.5195732379395,520.4296742706592,1133.3851327477075,1218.782970446939,2270.502876515173
2262.672040325086,1025.1896022866736,617.3245262425206,1509.3898618006353,492.2443552227877,1344.8198636024297,1246.9850741397681,2023.134907190376
2292.297851493776,1028.2879056180216,692.6164988118566,1666.2444562044134,442.2263438292195,1329.060906370612,1151.8217793337853,2060.1992344251403
2186.1764227407098,1052.607542430854,615.2505697634568,1640.173169100759,613.3026538868099,1335.6251672968624,1079.9451563546297,2086.9560115852114
2281.625468539393,1080.0734852719982,775.6734593316071,1763.4434545197562,593.5650565874397,1424.9088520701382,1174.9510979839524,2249.9357722291215
2252.881845017651,1096.687607741649,575.0979434151661,1710.0111521684319,614.4729754200575,1408.2351479828687,1056.648337387817,2291.6713833643885
2308.22597881164,1123.090824993291,721.8344873578593,1793.1239694362068,572.5673409642792,1383.7876614056077,1100.7801124201853,2317.2941248728953
2214.2004420307726,1189.1729903421367,817.4513737757353,1774.6623029811099,448.07741893387464,1587.7257567551835,1083.7356783285995,2459.9696208860823
2308.3291156102377,1201.7974073041487,686.4690686670735,1832.9524448319976,625.3868178354134,1612.8518556177569,1093.215894006927,2408.20052752598
2238.224354183542,1218.6677007430733,624.4756793573766,1837.6785275973557,609.3650094068831,1684.4880345947138,1024.3762078146385,2462.4625529636173
2219.933196048107,1239.876531845432,834.1106912461395,1857.5513296337663,494.9049731712811,1586.7945746975415,1092.0628387567788,2453.143302076541
2278.6515516777317,1250.782956842401,826.3362129575535,1892.1301477416307,529.5693368837408,1635.6858870385954,1096.5468445642405,2589.1071514477626
2336.1291885080173,1290.3383924198872,563.0770783743859,1849.495041439881,585.0793897999829,1568.3497322857238,1089.3637335385824,2553.380759442415
2293.52279369408,1305.1031517475624,640.2566783201538,1908.1363783597853,596.6325311294421,1733.5448026112176,1147.768809144019,2264.7196995405466
2261.131494798232,1325.5841468894073,693.6179571183768,2058.7129136517187,575.7871500573426,1792.02417081881,1180.5991996916111,2226.193815308763
2246.9010075425736,1346.6055059503426,762.416342151462,2008.8799101241996,601.7033739872495,1758.0495746547845,1284.1606844837677,2243.590748329251
2294.536929239291,1344.6868250792513,605.8376307522748,2079.5460198962473,605.0003621577994,1836.0052002561645,1257.9413502112927,2267.8423813197337
2229.1413074448164,1385.2448430435043,576.9308452836119,2121.7444648153737,609.2166929485041,1833.2982277394135,1146.2085300576844,2213.811821653003
2301.1739819727145,1423.6632716260294,643.8234678600866,2103.5336926154832,609.9106418391026,1911.2831331204886,1066.950268652367,2249.196514425224
2275.7507896818524,1443.280107401562,649.5356375743431,2167.2590059839604,529.9409388631606,1904.9970891461335,1036.8684800472554,2059.803502309578
2272.7408053103004,1464.8758876821173,641.2147893996146,2211.4784852367916,576.9899714792919,2048.192673843675,977.6679555916679,2057.6320418633936
2297.5144669178862,1511.019782065359,626.2394089592431,2241.2260365005504,637.5262333937237,2069.3493137350647,1043.5241472706387,2173.1929746920464
2361.194876479171,1517.1869104668392,670.7351855314909,2236.8750545220596,625.9471507219688,1944.032174407298,1023.856199283905,2259.017037179758
2357.0868848447876,1523.420913599525,467.416288987574,2351.207015152807,707.6867989768035,2136.92839770366,1075.7712187722068,2388.8627655570294
2337.345844537982,1551.265144551339,812.5137303546823,2228.399354202381,641.160932518941,1972.2519757982905,999.5634105281505,2411.690367270541
2271.724135974464,1575.7558696620924,670.0077462206019,2310.072414297336,624.0974586390743,2090.771274378926,922.9642774640805,2509.0694491067375
2360.5816708308025,1532.8028027955497,683.1525469323539,2293.4367927530748,657.7255197223121,2041.993217905433,877.5006255415333,2542.3080189216707
2461.823392524974,1635.9550066164982,697.1520370050927,2377.5872841585324,673.2248266512441,2218.210909377774,848.0241535426328,2639.059886477305
2546.3898085865662,1586.6429673866667,740.7734374509058,2376.645025964683,691.364661617884,2177.6543200453348,871.4908242243852,2486.5316004159668
2514.367493358158,1646.9241246814663,885.4638044678089,2365.447756368739,660.5875927480932,2101.1748355952286,1014.0567490025599,2604.8115977569223
2489.503139259245,1624.647054775837,737.6279680240693,2387.392326744425,645.0844476269219,2102.692205568322,1055.273114284111,2605.444222912665
2572.1042338510515,1666.852459052097,799.8568077645891,2499.718551829516,641.4331328510071,2348.1677854241484,1030.4933238668682,2656.854054932979
2577.917124999853,1725.7333528630563,708.6337114806207,2628.853007325358,726.8118038479041,2367.6256702229366,1081.5559023769733,2735.2704888558033
2666.169146351911,1725.0571035705664,783.4806460565737,2587.205730843767,744.2135775077586,2288.330656162827,1083.8841584658232,2795.3374743961263
2663.109335987021,1705.4144572510293,915.8778261632112,2643.74535222644,636.6532227986315,2236.162673565328,1095.9813472708645,2856.482317103675
2701.073534182626,1760.6091488438253,768.6125718479553,2576.1441000019386,612.748557097643,2180.8935103486047,1038.0700748252752,2871.3390951410556
2705.9447651923433,1744.2123646825605,698.638642231163,2565.3837901782044,639.4299572954557,2036.374282252793,1009.9147896181128,2786.48476340264
2818.9636551664366,1760.9861424099502,741.0476191004252,2585.379436550605,752.9588864265634,2359.9266344486764,1070.2173179877802,2751.0760087643976
2836.4854263604107,1772.048313969639,840.8862383045026,2598.114052700073,668.1500482421416,2433.960919767918,1156.1762854536032,2818.3411872414795
2700.9218829186916,1806.1868703772427,769.1322941531835,2645.4069124464577,763.2971263232964,2228.056857489291,1095.8787788574737,2904.7841215795274
2794.2159796510186,1828.6488722083213,781.6112170164162,2602.5849506821296,747.6710537487097,2194.64361350623,1069.7331801261103,2726.309396305881
2890.6511139872673,1800.9277127840976,822.0267911009829,2542.6243137831398,688.839621257648,2334.345226473138,1015.143354222291,2633.1069425255255
2890.503297632907,1779.3245874059228,758.1830686378487,2547.974145192406,720.6742944391948,2228.188376379079,998.7854417825448,2570.0522939237467
2945.447031567241,1797.542337328056,890.7023914781147,2649.7617295987384,699.6748152222355,2221.266022420216,1114.0872481006145,2696.842818128476
2918.036585173448,1783.9196326142833,794.3643422351486,2693.7691172129953,712.0180969624107,2291.943134955492,1142.95025640486,2814.747398338611
2876.675320316723,1812.1785303503195,897.9487266423587,2725.7473547079494,712.0244763122244,2227.1521271228357,1217.3191721466799,2735.606790935105
2938.874936767489,1836.3475545683457,789.6091246669057,2619.8636452689384,595.1692453530214,2278.9349739283525,1094.2398952740682,2659.285694362984
2987.8068680083884,1842.9059973728365,756.3383923739779,2684.5801855469585,662.4050851445297,2307.3434296914515,1030.7729024375494,2540.4629063549955
3053.0828918168554,1804.7702336127575,801.3370332124528,2693.7767425026123,611.4269907206897,2238.4158003817647,989.9180062497755,2714.2864959013796
3098.38558733924,1815.559376160569,804.6782743003602,2656.8223853429677,683.2412788845123,2318.2504949540844,1030.4764845091267,2501.387274565558
2994.1299286995218,1823.5520307594572,983.8312773407553,2765.6109306106373,667.2316021906302,2138.9945126957296,991.1181222671428,2618.171787599875
3057.6769945765614,1836.5620117934523,638.5757227959999,2691.752126134482,702.6477340219692,2385.063612757397,1058.4034955991883,2815.2096729238683
3065.714028785599,1819.0878366281256,950.6030442276565,2681.093859724292,708.2997624749781,2270.9110946419005,991.9594026866849,2793.6367576899534
3134.9269919501653,1824.7381922372335,879.0151141827903,2758.7849204212116,633.3119962234923,2387.1797806395252,1005.7767004988639,2787.3287200332334
3131.7359210472846,1803.2240109830673,779.7664005698045,2748.232347489571,692.0029128894705,2191.2878740028273,975.8297040606369,2684.7637313285404
3174.128091692005,1756.8261057818565,1030.5759552091483,2759.849718064832,620.9483739764112,2199.9994079069365,961.9999793337307,2657.137284300706
3207.2337989335074,1796.9708295613332,855.1851292731432,2566.0331134187095,539.3065323009744,2119.6643020162323,1037.4730941243831,2761.358858535151
3270.489755641682,1786.6856543411734,862.2317545962453,2660.803025615087,640.5717802108671,1938.868584039658,1067.801255022063,2899.583263767887
3270.942161444414,1766.6884631718922,755.928852538985,2611.0951814368914,764.2752296234142,2006.5003560612313,1041.5071592448742,2924.5671592397694
3405.978016171252,1733.4720873015226,1011.808588633538,2568.22018730588,702.8307653815356,1834.2147114783324,1034.749954817646,2828.858687920285
3487.4926822864054,1774.1328543316408,812.1070386452581,2539.1975592422787,618.6890040435023,1871.9800921817098,972.4683066434803,2894.8654975864447
3550.1321643283145,1753.3540494733527,923.6163703035361,2601.7030528318073,674.6382822106771,2010.520526987152,1000.3916578711041,2950.2183806904413
3521.4185213683977,1719.6896500835405,833.6868980988721,2473.760610561634,774.5385424699994,2066.8513213505466,1010.9239330697242,2850.1963850322127
3649.5943564082577,1767.2552466806803,880.842788397913,2611.147503396402,701.822516474512,1832.3535046960135,1057.387046916333,2708.2954952541945
3637.4843876212235,1704.0100203076488,742.173532272403,2531.2935849453575,623.5473124409633,1853.3648715561571,1083.8651931021911,2701.6368901573105
3735.6831130024907,1673.0326616323089,817.1386784111087,2602.23931839307,632.8052732317122,1919.6857415281422,1183.6068194722466,2785.4179913200587
3692.5471872088883,1665.5635292365548,963.2660089734434,2498.5802230384575,726.7096436249504,1763.311070188071,1136.0183703130438,2763.6065188342764
3720.9233991996102,1686.485909565202,997.7875963514164,2530.6375778953507,620.0976446517458,1634.0310616970985,1223.2993012644072,2756.332275292081
3785.5330159715977,1598.9061254229207,763.5565571489144,2297.9309646555384,623.3691396231915,1732.628448855604,1302.1515136315052,2823.0999811982306
3794.13348714844,1581.3882069461959,743.2641574093459,2383.989497127558,627.955314417125,1866.323638331614,1151.7118213358726,2708.8297009304088
3842.911729325707,1609.6259270677733,826.8569199635033,2330.898934526108,601.1819979681325,1917.0590096542996,1002.1891163305112,2696.6579764443236
3792.0730530208557,1614.3263976289497,978.3491447465582,2420.7496328697434,503.3930854945872,1899.336548702166,1023.7402273035033,2808.3423948040445
3822.862910604348,1583.448879579567,881.1980572866586,2325.1535512448545,558.8005313041904,2006.2059148637672,1056.7548787003582,2792.727240014503
3906.871694577136,1600.46765802075,758.5712402767282,2253.8833803650673,562.9196695306599,2077.70191966988,1022.7077565660868,2374.0029759575204
3937.72709271487,1588.4998574490482,947.3128947598642,2358.369394548163,644.4762181290355,1822.1397051164809,982.0211393163341,2436.8642954690918
4010.102226629818,1546.5464077057711,851.0125475808425,2273.17755681071,725.8495774735451,1825.2739535433016,1007.8870948240676,2421.5047470711525
3862.6424261913958,1557.3683093526756,863.649801509307,2309.8537600479235,619.4698894843864,1819.7429937608767,999.6582505011272,2303.655354629287
3842.389799103734,1566.2956601542523,1013.7286864404729,2414.480143080777,570.963820523554,1697.57197868212,1091.5225231788695,2466.2226426469324
3992.127837691949,1573.2651794502183,913.2263918228948,2140.7056647033687,610.0058874745771,1706.9836715107126,1039.92810838706,2596.0102010917903
4042.0998015333375,1548.882464999209,1066.9160193916582,2255.1177278103564,650.0086875011324,1707.938789938534,1032.038212121584,2595.504932864645
4007.68846827808,1526.3904334763063,752.6681308635584,2341.2538343971314,666.3398641063015,1700.091735961987,1018.1379973946805,2518.66943618349
4033.631151569898,1501.9318118109084,784.867636406673,2213.8232799542434,735.6691266174396,1788.7861956609227,1002.9416453361604,2611.3120942355604
4049.159202266389,1479.810020432854,930.7237692433181,2260.3769969761825,653.9814300573471,1877.2012892040552,1077.1543496848108,2626.210997868546
3991.747078530838,1452.6926624448051,969.731987321653,2240.169119608606,627.2382659358548,1994.2122245260673,969.3176306008274,2602.5825071504332
4002.918590626978,1454.011371761261,726.1998612609011,2066.1514882829465,536.5542052298191,1816.3192803559516,1048.7691105920712,2632.7399291301413
4015.3252698580513,1497.944370065066,867.6797314418019,2115.5400561821534,643.8167915958777,1691.166934074439,1131.9582657840679,2724.7044711657995
3993.083661554641,1466.3184071016349,793.7248606418756,2155.7560238717597,637.7327817464583,1583.40992614451,1197.0700970106884,2690.2367283285876
4019.567062038456,1470.9246322159565,951.2767364098127,2368.3337489209885,648.7221633267964,1495.5189049777528,1146.1306154378076,2525.822184913194
3980.731614672911,1510.9599868492492,805.7720673552673,2177.120101831961,643.5178534829863,1693.9668505224392,938.7023217095791,2630.2781326241375
4038.2950623586426,1482.267235837796,864.7235071651423,2110.4132916634194,619.2924282749731,1681.5360767508027,983.4337017266433,2725.4909693681134
4068.2942318210903,1444.038870023571,857.4972811807527,2091.926345864284,594.559090953469,1956.3887340492176,1016.7491741048518,2598.4040436871337
4116.773702537883,1489.4177797552984,777.6447990687233,2023.0256146009062,632.4264520256618,1886.9648267610698,995.8844710405849,2729.5044447368828
4076.9750177014375,1481.8321659868116,925.9888440930691,2043.270344726209,588.4697555332807,1859.652852046871,973.6672734038677,2614.362349327269
4048.5801537349003,1463.4328271087074,875.8077871640205,2205.9330724477054,526.9980953220354,1840.1631295214095,988.7830020570289,2578.1461837558863
4060.1521405953163,1400.12332567139,905.4981358391825,2116.715099976578,648.914693412498,1585.8696161187127,941.0750066659702,2630.6371982626256
4039.483632795665,1395.8601061698748,909.4335750231187,2126.6418534779596,518.385352745089,1570.4550848959207,872.8526428204292,2629.480922612236
4090.0971629706783,1449.4061910141147,910.1048685979227,2113.779264108942,499.99683961161423,1607.652831511439,930.7963082668949,2550.182044675773
4127.054055205378,1408.9007951116926,750.6849302926795,2257.478620678383,675.5507323169526,1774.756383806483,1058.0074760123437,2487.273203181307
4120.265211440597,1408.9402641683942,999.9358262836043,2226.642290547202,617.6436105225393,1698.0123553863737,1085.4703650341417,2554.993840334116
3990.765747859058,1471.647691021345,957.471631224533,1926.1426111278176,721.4440367254634,1451.8722629248168,1055.2778001586826,2622.4437905911072
4141.179144515479,1493.7348704130088,820.070444055062,2169.9208543832965,674.0765532379488,1455.2105700021395,1053.6191225712564,2626.298409252716
4056.53633221315,1404.29914729511,926.4722019347186,2129.8156093985317,656.4035008207952,1533.1551882004717,1102.3102340075973,2642.923812325858
4061.826986448499,1407.7902151518385,832.4743516226968,2104.074537063569,626.9798542163933,1544.3080202449162,1084.13244252402,2719.1875269356387
4146.921992252956,1432.400552082126,756.6775317505521,2167.9237657900285,619.4354014523169,1614.9523398548663,1015.8636843094428,2751.623720486491
4008.8171816767067,1414.0828265142634,890.5201206202787,2167.8625906888624,604.7532271448265,1590.1392892310087,1064.9538919636182,2688.982621231692
4097.134281360599,1424.250592376933,840.0025377485316,2039.7559748219778,684.763949408192,1788.2800665651298,1121.0806064941703,2686.2734957310654
4154.677634040747,1419.7653103054063,907.1739163676044,1913.0152221898284,685.0857703165647,1823.1206767040317,1077.2185209956917,2652.5077229950043
4169.248015899961,1466.5263443738645,857.1753900473603,2132.0392426722406,521.4489264368127,1636.613908771943,1081.164882336008,2501.129710863055
4046.444483947215,1443.2212526309102,813.325721335779,2085.3850106775876,605.0639507967181,1531.1865231257148,920.7706656649685,2476.8586039381826
4090.346211056499,1436.072598050794,908.4508069778249,1939.9857652452358,663.522398022824,1542.615902993756,972.4392287595106,2628.2152135834513
4179.961248532933,1411.3951897227012,855.7307339923325,1840.8236457115022,657.8184375575695,1525.9987349980202,1012.7200598567973,2657.2407999682105
4114.783165147011,1385.644140687683,800.1767415208558,2012.3786636285417,517.2422414503724,1517.530122977298,973.2304593043832,2556.1970771780734
4107.958133398227,1446.1849514225603,817.0993613128612,2051.2121803325954,602.5690989123265,1684.5728278308343,1007.0295954943639,2571.4088206970764
4204.959162201999,1446.5812263794764,826.2250788234571,1972.0704214342347,590.4804042278084,1658.9940599399004,1014.122281924606,2564.2399917711236
4167.461971399524,1437.455535325733,838.4110524881679,2092.6921896576623,602.2786696605624,1665.6243781847136,955.7976027371046,2592.83942490868
4214.377473532325,1412.2812669685231,722.6516267983179,2006.8776658600539,564.8333674982235,1699.2658974308938,1060.9088930133648,2648.476446237771
4077.1381198331096,1394.8740840994908,897.793158894514,2143.9584061748783,571.6433049723687,1515.953521099586,977.4743199496776,2721.9259557172663
4127.100323146297,1359.5820182975397,907.8482431913833,2151.821564611655,534.4411258936751,1764.1823626883838,992.5688621965542,2767.519632475697
4103.302189460363,1389.6846066561964,765.1527700645344,2321.286972800357,610.9779243082808,1784.0089204554097,967.0006803896096,3008.0187462560516
4068.199241231595,1397.705350716699,867.2331882096835,2239.1904017489014,600.343824943825,1894.0913772363235,1006.1642139654089,2836.053287148391
4137.696707380118,1389.3511752105815,825.5441963891809,2035.964743314994,579.343617912247,1683.0278413854617,1036.3176599055255,2729.4417187647255
4118.750528576847,1390.5865634050053,987.9957596082835,2065.971133639113,561.6008478807044,1687.8059229244293,938.8744295587356,2874.7066451195483
4112.737285801126,1364.227620604689,870.2711471551107,2079.063892411382,709.3805222749196,1563.0108986123328,1095.3099486850242,2814.828425797714
4141.587697683731,1412.4682240880468,799.4161203592096,2055.4810337549534,638.2430767271392,1448.0403718366601,1078.6292696157634,2819.074962564612
4198.099294974461,1417.2563303430397,750.410345591713,2054.643949767363,639.1357134393461,1585.3034833486936,1130.567112572075,2810.930707325777
4095.9497180724384,1433.295351555684,901.9750143744117,2252.8284917998208,657.580085593899,1611.693886528156,1088.558160939644,2761.6999367226913
4053.2608242474953,1413.330313106129,906.7894999152111,2100.1051682470734,577.362324511631,1873.0465526300804,1015.9220563422873,2882.3903114584964
4120.460007472171,1428.9435846973474,845.3854816230536,2004.3854026630565,621.1123345599414,1991.6136151324054,1040.0711418733179,2825.1488391842977
4117.362754202203,1457.9258427839945,906.6568288954828,2107.1525001124955,618.7096951838508,2105.083995897936,1093.6023390548826,2747.8944136220966
4185.502155560066,1448.0400157500178,846.322298747987,2164.0651920088903,529.9898767375344,1624.6679240835438,1004.7338883010116,2726.8726279045122
4078.371259428933,1485.2735774974221,751.1909658080115,2156.99872780151,476.50458189677965,1639.6461145920202,952.2098928123944,2676.719661971571
4140.385969985405,1467.2460425350648,860.0611393812765,2049.0749991976813,507.171426479105,1539.607804973994,996.7123900799058,2673.251644887696
4153.8673617193135,1427.5608784901253,794.6551301163129,2153.6833585643253,517.3830417617407,1476.7360443224084,958.6128870269423,2472.2409221430316
4099.910938416608,1476.0551642773885,778.9512116724723,2143.7371146972055,622.2708941909809,1829.9394521060397,919.6002864511358,2679.6891462726494
4060.411573331422,1387.218065626863,788.6515572276273,2214.560593778693,666.0169114752008,1648.9428995994288,906.030460970197,2663.646220134152
4114.570053159665,1438.3444346815786,914.4234829587982,2182.2060562568513,614.1597357421542,1578.4523590158003,855.1513000053194,2704.054988863139
4116.812632436298,1416.870690932798,736.364976328175,2049.002126941925,579.2710983395802,1520.947952237294,839.875760958946,2828.3054153156345
4170.7617032938615,1426.5768854777343,765.4232082628246,2046.5147100595814,619.5319652751704,1524.67175656611,860.9564994822401,2768.143153872862
4211.65258426843,1463.9523987317789,935.6464999598594,2100.3147690926103,576.9802273074024,1568.8224917652892,901.9669195018172,2750.9715625936137
4142.974728042895,1409.3834772450102,849.6498811364704,2115.7648859744645,636.112579129148,1581.3848972455596,895.2539115620605,2667.4352569080565
4216.731124182595,1422.9234176375849,965.3326019774357,2025.7093476780174,614.660959848354,1555.0419673270176,1018.2465355594302,2699.437841814718
4240.452262155516,1394.8424752034325,743.3754570018694,2192.3370079758374,583.5043710017454,1763.1764494460342,1078.4508212797857,2794.264550056334
4157.354629910851,1469.724945601504,770.3640813336175,2267.7352152368394,684.1584127870765,1776.7267911575352,1113.35390499841,2731.37852005382
4119.22080537309,1410.1684472744564,892.5625458267568,2067.4001907268344,556.4918981103369,1643.137302622105,1167.5978414420224,2825.27003093425
4224.049718884682,1406.4290987693976,862.5559869307643,2057.194226799709,475.2142359045702,1205.1695859482693,1071.4089563806374,2940.9759351373173
4185.512381155257,1431.7884487086674,867.4249708310501,2233.961590675387,567.332623523119,1398.388772587732,1020.4491449738539,2678.148562716997
4166.164202906781,1427.2301824214012,789.051961344538,2082.8952011100478,605.6861049547363,1349.7337435907361,1041.4718013693555,2754.528324322773
4155.969674259406,1417.8388689473418,848.3439511066534,2186.367555849656,632.9204374430261,1445.8852463151543,1081.4088792173995,2730.21260725663
4052.3751835147186,1447.1372055725208,901.1176499919969,2140.145090076495,624.870846618695,1583.7092673022469,1075.189160691396,2876.958145980959
4130.01609148143,1420.7062411438403,911.2076009760722,2187.6401173210184,631.5032060587273,1496.2223619120437,989.9038818651502,2662.2119963690966
4119.486064642058,1409.6354235493252,798.4994209097702,2093.805579185526,698.5728934156491,1394.6121012376807,918.1772896801272,2479.841224681972
4191.162093373422,1430.5972778869786,772.2572186561642,2162.569560710518,624.8158595865202,1234.1001283213009,1000.0832335215398,2489.600504052322
4253.945723602416,1471.0798129833627,932.5143376494217,2239.275398287886,664.8678294498939,1293.2097907575394,996.3018034915461,2484.7192269687143
4098.1926037346975,1408.364102314784,776.2619477676229,2235.6600816118503,766.5435437712509,1401.6983176063231,1087.676653344881,2516.1191041013567
4230.331296924766,1413.8469214025727,818.4685063790386,2038.80284672745,595.8446682194334,1497.1746553578416,1055.2513141222478,2346.61688822959
4091.622752691927,1409.3427107646146,876.8865960785101,1885.1805265884402,393.363197788986,1618.891479753831,1084.4957244566783,2369.2868742694272
4153.928234298448,1425.3013834773665,803.8656356993137,2028.5116712596248,479.71960223866904,1655.0196993987036,1074.5394654390782,2407.309262074643
4174.239867480138,1460.3575010525753,824.0043423969071,2035.8199966379943,520.5555710622148,1427.7414326327994,938.5642692169968,2320.9229377846655
4202.897851054411,1398.1771077781157,823.9651410888445,1928.7054806583508,624.3806629533652,1631.176154460334,986.9958782185034,2337.739851919314
4158.440511058002,1448.6913665583952,807.0540807500856,1939.7320278352229,617.7373774443871,1713.206560071599,1042.7511586565456,2478.3529318729215
4139.570836874536,1384.5454325086976,900.9377947895067,2106.8064172049735,634.8053418141258,1707.403930870551,1076.0096579697167,2418.903293843067
4086.7506993974803,1442.2900733006677,918.372183986405,2045.5577714701967,619.2822333993391,1726.1970676071342,1048.817144469759,2450.6205121574276
4111.4908513662185,1454.6720936513277,1054.7335430020983,1917.944398549029,633.1391565657136,1739.0514284405997,1155.1471951964693,2494.748289201915
4058.7022581608207,1480.29252608664,865.5729802445834,2060.3665379730564,552.7940934633734,1869.3981851516671,1187.518896531334,2525.819762904339
4108.963242884695,1449.1215579486104,686.4813132874406,2099.511789570143,598.5661292109864,1878.3359588207302,1126.8641006368155,2529.227656131467
4166.968350851329,1404.7143860809972,861.1416371936901,2056.0613510505646,650.3127784388332,2049.718109109833,1152.4196577503567,2576.5469169531884
4097.403896936623,1413.2442643988368,777.6929453782146,2042.9673446020895,499.88151658104033,1914.8200825344552,1193.6293115475817,2640.459206236646
4138.195430680909,1409.8730030832496,885.9164376446655,2173.1786296237656,462.05659874879257,1707.4496126339436,1203.78158325337,2587.1275200992086
4087.453740564353,1453.7117133530703,961.8156809648569,2161.2051466926578,532.8967064465088,1617.3184101274387,1147.4165674613737,2501.4255739832515
4102.257392641981,1454.6303977464902,829.9743282829049,2175.192580724147,637.4447467786887,1830.0942647234278,1218.9613372045976,2537.210188640419
4180.782854180974,1415.7636115074665,851.6958751321952,1789.9807610503547,654.8095822814117,1998.7774598881208,1178.9632582527845,2518.788680819598
4138.842802496839,1476.5525470904606,787.3803403703462,2214.281491974725,597.8768058837037,1982.976809717038,1125.0120490217737,2568.6669321253057
4147.697172400176,1456.5240286720664,782.7128447106495,2096.1228877686326,598.7811638149894,1813.858667521025,1105.3911347773524,2703.4308080105243
4202.047783801278,1428.7261264213396,926.0801137098399,2099.5321251308815,693.1718196640272,2010.9507594636548,1114.9233205874953,2652.7683438968975
4085.9681450718454,1420.3822766074102,882.597989990898,2166.304734867383,555.7403091194526,1923.8874670461014,1045.8302839346798,2700.1066949272827
4074.176896824192,1442.6770671184343,685.7077254869482,2237.4595529117028,444.82107291956027,1621.3138540417415,1051.0403182188847,2824.9658003405175
4066.787890881941,1353.8750057908264,921.401261861335,2294.2244342450044,623.9369935953584,1758.7932649686895,955.2219093382903,2802.1621749982965
4109.027240401885,1443.9835382680255,815.9462059243814,2118.139249596906,588.6439184488436,1782.3078287201201,1023.5436282496565,2799.21658542558
4030.8446922525404,1505.6121927138263,822.7199497905826,2136.7997821354506,545.6028213658454,1716.862665642562,1005.2684135473125,2875.262859406631
4169.707525238848,1450.1901707643462,819.864966136119,2103.848718628374,687.366748033809,1680.6942175263096,1123.0361875510464,2956.6894102713477
4130.108688980915,1445.6381464932092,956.8817328566623,1927.19272920007,579.0513140976808,1762.3214447510227,1042.1774663402337,2956.793790434138
4188.921956422331,1373.422354418842,812.9551416163098,2007.9578203981937,649.1324867537551,1798.063182048691,1034.5841815408444,2898.960392678786
4113.477427821259,1412.6332542812024,930.5110242578514,2185.4148681586757,502.56623827541796,1561.9313390001082,1078.5435076835722,2873.0495222616405
4167.42478270537,1422.7756733770248,871.6983093020996,2127.4001508098218,603.0430898424954,1603.593392617559,1096.4886175937477,2855.525018121982
4105.531703616841,1428.039674960509,711.9181306380666,2127.5548168350088,619.5867503931765,1299.192821971946,1156.228557659903,2822.9530859024107
4116.257466735152,1438.4324804738274,799.5079468642176,2128.0555727895635,665.4846657821605,1509.999143493296,1178.8560960370191,2862.6481624979106
4128.387471872075,1421.1089510503734,934.7534490114432,2291.556242323092,578.4905091601825,1705.7172361900502,1135.910342837491,2751.9937415761196
4174.272606764551,1452.2692523616513,822.4005701792854,2093.868362529398,609.714906287038,1782.610890892224,1082.819839956119,2752.1047019457196
4180.65935618984,1432.1453213041495,887.5107335951947,2205.5070745660223,597.7139620221158,1687.9167352965778,1145.2643108594336,2842.061043606303
4146.0872540150285,1421.5379101839185,786.7558408810012,2095.169965633808,658.0120310483994,1718.1388520458572,1095.0130615178164,2840.717687572139
4160.964546706655,1442.9909897170019,790.6435957021224,2051.455759641973,627.3117408667243,1654.769169655266,1069.3285970442291,2690.0203701065193
4161.686332551964,1426.6536761495702,846.0037107691738,1928.0702656648864,655.9147613526585,1720.2260074717863,1042.5811739458297,2662.8443128740446
4195.270066783043,1417.0729989010235,941.6050316229994,2155.278755988298,671.8815938455291,1635.8101470879797,1037.9702965111062,2690.764930216563
4194.281795967267,1438.8246784883327,861.7797884862093,2088.0014274402056,588.6962116455369,1714.4636066284409,1069.5591670519477,2576.1415275436316
4151.264262971821,1437.4267126388638,907.5789774196045,1938.1998479390681,568.9950484177971,1896.8358151513366,1035.3778965564527,2604.5998515656693
4185.790181026382,1437.838657716409,1000.3842399896491,2120.1200341636577,609.1375871638228,1716.099385591214,1116.5128859615986,2562.460325522019
4220.5283266119395,1433.9288834687281,978.1482715884556,2167.325005514879,555.647260644485,1584.7185993246185,1092.3369132359787,2581.00132394286
4136.977892599004,1443.111017950302,926.9463738468448,2155.372538149994,552.0027611842157,1646.9843038315869,1188.8163406484548,2544.470932386546
4111.426841699711,1442.0813556974888,862.8581861291843,2062.685242501268,618.1830949969184,1658.923873746077,1096.1073604338085,2433.4526274328277
4217.175095618187,1415.5175396422333,981.6273740769277,2123.331105559012,664.6230160966011,1691.8966880357239,1122.1324934088434,2334.369076059724
4183.997681444032,1403.2822215713695,997.2505021272696,2051.1906754279858,691.7672263136301,1675.3051463165225,1108.9696375698234,2126.2247833703386
4116.058481257397,1368.3592813628545,667.1149350059525,2122.226542083997,616.477189129394,1781.629284334488,1095.2170143147976,2159.593155020143
4163.113911558623,1392.4405199139464,676.8573556919538,2285.040860012945,691.0752209271861,1649.4816200571963,1116.2756437222074,2194.30715068518
4099.657647336808,1416.5641221901344,785.1205544175126,1962.2221705166944,616.8842457650923,1683.8326637592913,1096.4192816733437,2286.6078202820236
4222.195852893927,1399.167671486793,877.8706416852107,2052.0329048978474,663.549936345767,1890.843759511468,1243.2072562065198,2353.5802335529575
4127.585027435634,1452.5638615655478,1043.3949179627123,2046.7241380206563,630.9578211680504,1729.2454467872417,1097.9840048045264,2476.033383775688
4138.060523649024,1436.5230738998748,841.8071048942232,1971.1103374871761,621.8765404149117,1891.1309143333638,1096.6165933824893,2495.115292758526
4173.118990227291,1410.8983975126193,830.0454144298723,2069.1711664183094,627.3985120312827,1844.325834110818,1120.1906134253761,2509.1998551743154
4143.809222916262,1474.931938196895,925.7721775078082,2052.845588266112,625.225066939342,1629.6606988941485,1030.6101147852783,2541.8603953509446
4229.331150763834,1420.116629126773,815.5592952515085,2182.7938875906343,598.7634940048645,1786.54622276517,1122.3444303993424,2574.810365546489
4181.906908651587,1430.2251986701142,823.5003158784747,2399.8145191998165,669.9481835755784,1711.159404627094,1034.7416068574091,2517.164573975696
4115.782989131616,1418.5680987942521,863.3920023029182,2356.4975753482113,581.9153688707695,1706.943973733032,1077.1784038642159,2418.463812563731
4184.314492146553,1417.6368082083866,861.0970481927916,2171.834959514395,499.0829280707534,1679.3910339338465,1002.8901302488664,2265.8274077161477
4239.530472923568,1419.975830848705,841.8612616941084,2263.2115445047575,494.8974079507618,1796.405788735979,906.9946838291628,2424.204939224643
4199.372456405732,1378.7015237988585,906.4503782549608,2272.0693181305837,607.8882885487255,1894.2857938322277,980.9063025407057,2531.1140868577604
4157.065721567612,1424.6725361829192,807.3328949561588,2270.7509721047636,653.077095347953,1734.324913494145,968.5006042164925,2459.039570700288
4218.877657631277,1426.0150942323485,935.4201334791913,2290.1049276640483,667.4399472797986,1896.5902731224555,949.3773887647037,2422.729913301926
4177.572866205303,1457.8244986312475,953.1116491483955,2356.5169257263583,567.4584544001342,2027.8517804955404,869.987486882962,2401.4876049606355
4168.237512704389,1418.5817893512021,948.1675237821595,2253.3223534518,669.1939251293121,1847.9547965089805,929.8704422440453,2544.3040859330845
4107.119964260862,1479.0852698825383,957.6763146220674,2103.9522105002366,605.3968213990429,1968.5373225209144,868.2333045255567,2554.4251523448975
4124.465920864591,1449.6346062716118,846.3752604789493,2191.651793985924,663.3364686346599,1779.452548846612,983.7244736764735,2695.947387732734
4191.864651662072,1405.562274126963,969.7015736542243,2247.4710398151055,672.5835671281072,1753.5592238073655,855.9005815562883,2719.004717323609
4161.328213878054,1414.3639205367485,752.4813527190082,2082.0120798295557,597.140903369586,1983.3259643586644,872.7381775190776,2594.421773847257
4164.465233177958,1465.9059790502638,775.5282464602836,2105.594670875354,675.7701984447968,1823.7812292604058,953.0061611490917,2577.4497541208607
4142.593235918584,1432.047533817198,732.5216164894471,2158.4868793036226,516.7069117114752,1868.3900982660425,1002.2578469254512,2604.6921890944527
4270.487554858187,1441.2781453257844,882.224577298315,2320.586102987514,578.5842231938267,1839.2738338903719,1008.079691846229,2587.872835492162
4163.435505291606,1443.3972114789071,797.9260034226724,2352.0011292098293,630.5886432271064,1604.333758902978,1096.2577115217719,2702.564119958238
4159.7887436213905,1462.2489190475392,772.1570710594842,2273.1108794904635,674.2042765090836,1744.5669527131356,1059.9000628082756,2768.588352437395
4156.274512739419,1429.1495009717955,839.4015108646425,2212.519522008953,580.8349089350731,1916.764607491649,1061.047436727916,2762.5286095274623
4181.735985803719,1442.411050167496,924.5194244033165,2218.664500808022,610.0209026852956,1862.921217544659,1164.786889070606,2869.7854812507735
