80.54682380404138,6.627670886830943,27.29899582996058,9.733776831878705,0,0,0,0
84.70603405566615,26.253942816379702,0,25.64931603368921,0,54.70391362042583,26.822272538899238,40.81886389383539
90.01181055542088,17.55042134174659,0,15.80404452741692,0,359.90060837816503,188.33464677523642,21.62348131477002
106.34884124287585,34.49762563513339,48.90799492455661,0,132.7760055642039,65.11457334278059,41.220608382535396,228.63916993605284
94.71668134737207,19.2704520541152,0,35.83270137083188,60.075742018275875,262.3894765821187,53.86369367768063,231.4318821797637
82.71984041168463,36.69250134218096,10.260907176879755,26.632519408432625,46.59596938845918,0,206.57428678326048,176.6069419784421
76.82729995585748,42.73333343788951,8.056942152451697,65.97842511009215,83.28528967882646,0,198.70710141737374,59.793117814372664
101.40120088316003,37.42257057644281,65.11678016828314,0,0,33.96356695039182,120.57843032881112,107.1565217733628
117.71457504726212,32.35684508991976,8.576400550301214,95.211024713554,54.51883524265029,88.4118934464931,359.30360730441873,127.76071189311597
112.3440444839984,54.02458494321517,24.782570806061536,90.82704148358152,92.92299875303752,0,279.7607165743051,323.4683850077229
138.00644705305925,52.35024117468239,17.19450905595692,89.1123921211181,0,0,587.2250892575046,1098.458577867703
115.24867405842612,40.79732030440605,16.20020415974148,110.02008810626526,0,34.13599123192487,194.6767026296618,376.40526231619094
140.2789599169006,41.06401386377813,37.038804429935375,92.47691112856207,113.15744333586935,146.91157056732874,379.17921296497593,773.0723486991194
129.32259881016347,63.35930105538487,61.25190819824996,59.492207396984575,0,100.05029684249388,418.02303398252775,1007.434736106224
128.9685742255104,60.725510581219424,24.95517414959865,27.27739677757029,54.403867796399595,126.51649102664044,93.88236870568392,609.1278062981237
130.43911553269652,35.104384796511305,50.56771693719824,22.47401736687094,17.85400592073048,261.68594731125756,43.54069637415503,560.8144246129405
105.47272424232264,77.89550819100894,58.14017888639815,172.78235167287625,0,0,293.76862383873316,378.74760519387604
132.31622555517282,110.3829015874817,35.483285765032846,103.72800162610966,0,0,145.52128373767613,825.7705421413814
110.01954772021286,61.617755612959144,20.18509115823815,216.44345063052188,48.85195845808804,307.2180653389427,287.3344811599343,1466.4878889554352
137.5485320025528,86.3358656975977,69.14282178850468,102.83496231580541,135.61821705844042,117.21288712380013,252.1677441455761,39.54837370425455
161.97639232634174,47.97283799918923,41.61778707030008,202.47047715731657,23.15781869556118,251.5854763224565,290.47439330954006,721.7826606079108
130.16064821456197,82.03516494635164,13.741462370906138,225.1218419145185,91.5703537762287,104.3968740055933,377.33611628625493,401.86747157197823
111.88394784545166,94.12012239264085,36.21491493877017,295.788338580601,177.41542197021587,428.58081769962496,311.9125938829302,2046.168219747978
125.70278802714957,52.959501507980605,70.18974086598476,104.67765556337577,55.75029738076313,261.7592694049993,42.38173656588944,816.0564513794468
118.28115130002283,92.16094804843392,59.13539721603564,279.36685460147555,68.49563663947582,400.1002126603743,96.00824863740579,1051.1086669103963
101.96655663521388,55.58617546458459,51.213784102860956,152.71851814928712,109.68397720056751,356.59283653004945,123.97801424466576,339.37847109417527
107.03317156209637,79.89654173021997,50.65120798961134,120.55270809266183,61.78774523484401,378.4286207554181,59.008870200793694,924.8049939974181
98.44168394880778,91.14525817331668,0,154.3040893231129,0,335.91838236251186,39.43409927729784,1256.3548687790944
113.84141989273267,129.9288292859977,25.24526423230888,146.86672009406573,0,116.76088447789273,618.8937497818675,2786.8301045074013
141.5559091602451,67.50233452751122,21.143005851420753,239.85550326669906,65.71980474524136,376.56736425139013,47.5810341508143,1775.8727769075626
127.70291334010255,95.4500784512089,8.508527379258247,91.7440427567826,105.44308622999341,0,273.02318598084804,1333.327701559418
130.25856636131735,121.80800702085631,19.056736137511315,151.45181012581142,0,0,172.56593596580788,1603.9770039865416
116.56270798579004,105.53599509019763,31.768519038469577,213.41917323583334,139.87045087605827,91.32550433500097,100.63934140357507,843.5197682954856
88.59315689229365,125.2528241761347,23.724956029570865,235.69942955793215,104.09253071509417,0,455.296245236833,1535.4227704764849
111.77935398147837,124.99776237665647,33.39026331388172,82.91505971686647,26.527247848014188,833.3458830531918,539.3494383116804,1303.6660480136738
135.4028362409122,120.98377065163545,71.36744413225242,367.05351633799404,59.148756287292755,121.5652254924161,203.91806396414512,1027.2859441029425
103.2448677425528,122.75518267852934,42.203328954463814,233.92235808028775,0,100.7219073123941,257.73738585932244,1065.2194303562783
104.03908310983108,119.41004382765948,39.302945300813676,279.77543457316176,75.02872826505865,584.1599598727753,796.3583784057023,0
122.34643745993186,149.06668273084358,19.99976694352864,86.59695444095539,44.520318493720474,330.3455397564195,324.6563218724581,798.2985914038802
114.75323181118415,97.23262780038108,8.729245989898736,243.95091952696689,59.435106172384096,51.65323347237092,339.5760969025472,166.2849255573382
92.37964303591868,102.25066774371479,0,277.7515398619184,69.63571318582828,136.04756218056596,560.9273660713089,217.4618177036886
104.45322975744672,108.44460824348528,50.2631299283925,367.94634848818333,0,412.3962206163338,91.42393265165273,754.6373732482056
123.6652053921246,125.59581304061415,41.39583537999303,46.99805536739313,0,70.49555348196978,368.9549565467702,1146.0560325487024
129.99748303652504,100.68692911965441,10.033358755226729,244.26594684115975,112.00477238516334,86.32051966157822,96.5274953932561,632.6282037770992
117.7445729347018,174.5369384630438,44.90945239866279,311.1983449700132,0,0,100.28100815925096,2643.636085549594
136.96889499064372,105.24806031801604,28.747670589828736,189.26841014953254,48.34738230298754,612.8244269895856,238.03695005967054,585.2302026879742
89.10518219804278,102.69093061486002,23.022662754546236,142.2864018505349,41.231925830280204,537.3785187687728,334.40025604994764,2128.284098275966
109.3115292435605,117.09742821238754,10.078315543888817,83.23205966146563,0,119.4509985803594,160.22713610865125,3006.396220098293
109.28147303531613,144.83909643524993,30.16555430112782,91.7262258593542,0,0,274.51764385046454,191.65087050132092
120.26259882212715,149.51223341472243,92.16002038621716,61.5605049113487,123.41549050412621,292.9711918144228,175.38191907665612,330.3535405659589
120.38167585630123,138.02300803638727,142.17202542887236,158.11887535748508,242.92094619880308,345.03311274176366,216.01267688361833,1672.1718302469703
105.09669883713491,95.39719772914736,0,206.15306051734672,70.95399031348876,453.7188983634301,0,549.6870953661393
97.1689862881903,154.98057523302793,8.653757369915196,262.8988225523151,67.62005363917925,178.91084701826162,234.61986190370547,936.5745060203144
96.30338684858175,176.03239395955686,55.7341436445525,295.38126657551277,0,752.3734666754182,467.0575603116892,1177.5750703616939
90.09222548461165,158.7496787156905,54.47019953484103,175.70007165085528,199.91694146183426,0,603.1250652371796,2321.998701901038
121.26168265178028,80.99660843775897,0,248.24936143769128,0,235.39937494334998,238.36806530513687,452.1307352942001
86.27432566730941,175.45013662808975,43.03533964879832,201.25964470426618,0,429.46354744810924,33.4971334925903,296.60468262347354
123.97405696395222,104.48973463404383,48.94272576441309,141.40171161848167,124.2580451067408,321.8611961462467,211.53982200538698,1469.4750914773451
132.7910843164389,139.78436084894287,28.2211725059469,270.12406511185185,61.7788131914204,137.433246155994,353.1501942900036,9.798611136061883
135.64913017069009,99.56804240089194,31.283948715279564,56.100181768616736,0,0,135.56375325268652,815.3762390915681
106.25131703575943,147.87148296017622,25.775031041475437,329.2768451283655,0,135.42702592664796,228.136536440218,2219.6867109371647
120.12699333067715,126.26295046886422,50.108940206243396,77.11222432430469,0,203.42765342185749,298.8309812255368,1352.2507084135252
111.869040437082,95.3014513906437,26.126784962512975,205.51542157940037,0,181.38502232864235,657.5339135835221,1615.0313698619907
112.59174051849224,139.92680890933977,16.560770008137492,113.3714186414833,148.86474718158627,332.86618580172035,249.01628477667958,1615.2778382650254
113.1325242364043,163.01720604428974,103.1509368885077,197.34356974704218,0,544.7154678847772,230.3318291676564,1160.2285918916627
121.1442919574459,183.80263767531125,55.95177456233441,144.08585510611067,141.51235342840533,0,85.3152028700772,1876.6570254842902
134.27508541320316,148.90704862077968,48.64563905828841,276.5509750206861,92.01539802007025,669.4527380842286,509.5800171489522,649.5466674412282
122.98766139135313,149.30727908186037,23.28588790164706,54.48056358524342,238.223143845974,323.8763881378128,42.56265006698868,439.46179526767224
175.14287109098083,104.52948289046007,10.545163582474121,392.1803705654119,133.87856013891925,259.88275719189176,211.85074802062883,1359.4712788585537
102.1708933986456,96.26918465937268,26.824522383385744,21.281888506381932,0,608.0047212699121,410.46789731089376,1209.6302645872993
125.96490999624302,201.056102442818,22.309175622021876,314.28526270244623,0,854.3939143559157,0,1276.7402499325851
119.1510868977432,205.4313997886332,0,215.08922930101153,190.03714367493768,338.85450885546356,256.3797567385879,1017.1217766383057
124.32623374081373,150.1650976188935,59.84732541763518,180.17986836930123,67.90792322752446,256.143279886646,753.017072785339,682.8873573964975
138.19005104403183,189.8341296095577,91.05148445998543,168.83295246205506,141.6002190139182,421.29195568299644,0,1393.3412611643873
124.08625942570717,204.54822871837732,90.31531282259003,356.59164723746596,108.54493592225776,181.26163449677108,462.20922873615257,935.8791934806889
132.64981370394827,143.8496771113219,50.223880283169095,290.9077090242779,92.92303352569132,488.02371071262354,392.20676890419435,239.46469549370778
158.8204785498324,196.02154790641535,44.66577181165943,169.48787169574393,0,249.78861167978587,221.43570585209423,1128.6712039261097
148.7723472509391,215.08726080581863,113.79954351366877,418.4046709770075,0,99.12398021903566,258.52531360254227,1106.2896161389447
156.22443679792164,188.74531275287364,25.053367198565567,108.45239324910591,39.59059288812684,392.66385340146576,183.8155310507049,677.6421396422043
142.69220085527144,170.00331199015926,55.45429808952191,272.51546937313697,123.81184857756062,142.66212420878745,564.2134708112897,1569.1135151637232
140.21433499712987,158.65312584347092,81.58721143712943,451.05871193307553,101.5468395698104,0,0,2510.6288625805064
148.72324991645633,214.45889647081887,42.18955127846079,99.90261187255669,26.91390081021741,0,111.70315512494058,640.3905021355699
134.03305930969407,229.0704597582325,23.85148253525594,60.505684789074785,68.03511964045018,67.44866611109705,266.8741937709762,897.2972172256955
145.0903285239333,169.82157335470507,55.299757324152424,98.1086427396424,0,362.7305232895931,78.04549057312693,743.9884939590864
124.39173157523479,149.023488560988,57.67767529214218,200.59411178672735,30.093481836220594,356.50450466675346,240.369896700984,63.23284211582744
141.78152433676112,212.7168260463965,33.744314752856056,200.90893851140868,44.41971228241889,371.0825893036779,367.5505285560748,380.2874715988553
142.3700099120955,169.10878603184494,67.25417571274433,234.89517600370448,0,398.8605453047739,101.60760024566821,846.871952573043
147.5266837697554,217.4696492176124,44.18138488972383,215.5951819133191,69.386215741161,287.5570319417595,435.07862319638014,2789.5013677152974
174.30495011346386,131.03414615742795,47.506527740090576,527.6862539341666,0,178.5110708859127,677.725505161012,825.4453680541224
180.20873799710157,189.03448577096307,85.98796836013463,293.2350891899817,178.12266893841394,96.61305201209426,183.56722745337257,678.2231878259861
156.00435704207985,227.42433796723637,78.87029925565164,247.38407126962483,78.47815595264957,653.271485974825,347.2957693386933,1219.3198748669165
171.83894330565766,202.80724246351815,72.380864088052,229.66732973223682,40.60040703098551,753.4396805174025,68.06351247205649,1343.4693023516356
160.0829876179021,176.52797508022465,69.43303812937617,547.512944968945,105.56120937114575,415.69325799686504,406.33337911944966,1210.4014436515126
182.48943323620998,199.39313144802955,10.457166866718179,147.49189143112858,137.94682137842042,272.9140314309711,514.4424402113748,2825.650197565028
156.5477275345184,224.7028480790092,66.6680187267822,188.4743375908032,0,36.68302013808516,137.42100308261644,77.22864906043425
172.59201406318223,210.93159604573773,72.25831266239337,291.2657328732645,0,488.4556243503814,403.78000696322437,2149.9733712425095
146.87552781661367,235.21115787285868,8.84849550232154,282.6915992373286,285.3881407573822,227.08779850942364,349.4805646975351,910.5227991515521
158.41929348565998,236.45459123024756,40.04051856928601,292.99640129344266,0,83.0745245878685,15.63465012515646,500.5635500700048
204.89439264510042,180.3055376929725,43.12451239119882,275.38403190610427,46.409230409385735,0,316.7960215009823,1397.9660345389766
184.99317421787933,214.17406508660102,38.05389334034098,177.98888036438947,103.18137062527884,763.6163106369535,477.67508669534044,130.10937128420017
166.02378372927546,195.39236870750653,41.47993994771818,343.79360687334145,106.6941669842856,199.15189665435167,138.09223543181088,1831.5179141923336
188.74277022552758,168.99890356516192,70.64740533734971,313.60333961035536,70.7733047137784,423.0347248498389,286.24217868620974,1721.4237089701526
169.1661315568388,130.42572379495755,91.61962006615293,292.8002045169869,14.86532576303423,323.81511286404816,208.45000331653648,1007.6550472729785
177.05771340138813,181.22003227006024,64.63905179427302,98.95973081166964,32.668574790775445,523.9028187425288,251.80213636043047,1109.9391420843194
174.93220608021494,118.06553332439022,57.52760918364107,129.25156264386038,16.897555878555576,117.51852993778857,536.4489659015472,1610.193215672055
196.55707775198752,187.49855177628314,73.28412938065858,276.3282417178053,108.30690252433445,995.9028633651119,214.50560355624435,734.3274495854516
167.86195499624867,151.75374479334073,57.54867308478007,138.07294122826008,0,578.7254330761831,241.16089904964775,1100.0630091393903
173.04211575974765,186.33018343039373,62.256886293811895,225.34631087675507,64.81925166718688,466.2841657775996,326.31752619004953,1112.6866984267667
219.51151041189615,183.8391866918708,42.19230637795299,181.99699908721186,50.972788998100576,519.7614676403307,413.0967730058391,1281.5627606438097
208.87907079056467,212.2354433697463,32.866141713152054,276.9341953240269,0,330.022601866415,573.5079884657903,1854.6105149956372
139.39753789730693,193.86602280861598,105.26233658087789,380.7700539708864,86.92163341058071,144.5210094110392,194.82603751310938,389.5235531280111
206.09709135354169,168.4003450934751,71.90116800826497,98.676271411361,0,295.6360771534819,0,138.71159823357303
192.8108778389769,87.96283990849149,10.005586996354324,211.49251488536362,30.70169975629595,255.37176543766742,128.86421342104734,1526.6318459904364
206.07587711821685,226.12181530552448,52.23628550488471,276.91786245531836,169.45842504949172,905.239654676609,0,867.0932548929813
199.5306025152335,169.2265268688842,63.31949511294672,265.0940111975586,80.16889712842203,356.5558921879444,349.6224234181135,1277.484012160714
213.43754594066138,111.91598357937335,44.570810193579305,136.92343694490086,111.25391649020392,189.9920169948303,299.8579339089525,1661.063421568851
185.10082466340234,197.18239606732172,64.94114726307708,179.9407069276641,0,800.4515698371381,0,295.38779364635894
202.03586539798454,120.26095611589902,10.908824345937916,250.31493841197042,99.02691476272636,376.6032039808643,314.1671406985548,1134.455167217199
191.52253857729482,150.26267588161267,45.28123732990484,291.43921011653697,0,198.2422029398668,0,1946.349194558656
214.02133394905292,161.9000176758995,68.93713348027556,313.72576333822826,99.45129337036909,518.6777782492561,118.57566292540162,1033.379272762789
184.5617591464521,166.65234340456007,31.565977864330815,156.88539689351188,0,380.89200288254614,0,1587.470360700891
193.924874823458,159.65769753980547,20.592800468828333,170.33720200324512,92.03620550694646,0,289.4782547387051,2063.997852210703
233.54148272803224,133.34939292195503,32.06981989370772,335.9670636453542,106.92257958181915,698.2462162328609,480.2332250503485,386.55989755140604
196.2137977486095,155.27381691797484,58.73529229913809,105.68089341928692,59.62771777728129,186.2302285961912,327.989918126741,615.8316367742751
150.2766707477938,201.88325985236514,34.99902082086801,384.3019761848136,34.37269816643726,162.90840126194945,1093.4057953071544,1400.5099886941186
218.87153002219827,154.48623449031675,37.23482802342684,293.51736700267486,0,0,396.02327269485266,0
221.07470157308234,119.76520106027391,81.755558950265,198.7414710326307,33.66582426179472,178.7812352917534,153.73875117340788,1222.5839090942175
253.3791920756183,175.7764260278072,50.58374268927515,120.08175996985776,0,0,35.5806818522305,1102.7360226271908
207.7179186061785,154.43506010504484,46.22992169386808,277.7681996986018,74.6090253313394,107.52855589230211,460.202467032973,713.4320636137678
238.5622819096824,161.44261383251188,28.840818436834688,173.6253497082793,0,65.89198025787822,142.008815519787,1100.4264848301875
170.35306133663204,134.19766735003412,29.986198335907083,199.82809985659017,0,81.31148162991468,393.8435948312802,789.7311099185247
198.44152403012595,209.25399976111126,69.622206277878,322.7855658488313,102.64930328365048,0,505.2867016270267,1183.1332572423494
206.16777430645635,147.3821804906558,43.7859609896471,265.15869551800847,102.51871165671244,623.1323167298845,0,611.0722076384374
185.78618315555826,129.11199011551398,33.270337707822605,311.62274278328334,95.84387431398737,230.9269000933439,0,2171.7409302809056
237.80522106192208,187.06004291370928,60.76602545158134,64.09436347077532,136.02920767369534,202.75986502497042,121.62659959797301,2026.720089851341
221.2111279816681,135.11362249263013,26.08808400548255,205.92555027043124,65.879348658671,236.8523220269948,706.559018355886,1361.1981333139333
216.13032586840652,129.02294127597258,9.287371731036234,307.17905631208464,40.37024236778965,232.87287901094513,120.01321265110795,1694.5920567386438
180.87085902593634,123.94844842325288,52.81344750348315,186.42170327065458,0,235.80767934003202,229.88470260446925,1054.746706019552
168.9867425022047,124.39303986526808,52.399886778124234,289.9881127730146,0,349.9613469529638,59.521109734355015,374.1004084645143
222.07461166941664,105.25213696508052,41.38303887096784,264.9559729297182,93.27751571668978,344.8423702394772,328.412442330704,1490.3061608795829
211.64479921552444,151.98608855733946,20.148723499955288,272.7146330410987,253.80784079819426,434.3169182264096,425.22331133961916,906.4571217321903
233.02128653110753,129.37313763735708,77.73616114929027,145.8099669277328,89.57644163956681,0,35.2627958201071,1066.0102727567146
254.65773675961617,117.4188521972582,31.60372996176234,150.76741633221826,165.250279936514,243.53656317735033,616.5229975401811,808.3420902831622
206.9266082417124,179.26605148335787,112.81750989711205,343.41001173462644,0,191.48886005258896,366.3280325983174,1725.9621189597121
236.52165411349034,141.39031462918103,16.46208139749984,150.5791949618394,0,461.9428321575281,595.8758397375586,0
228.04681262039142,121.94261087657398,12.193543127268057,208.0032097906887,79.32465453945349,0,318.3980729315548,2476.630842981086
221.8339014955212,162.5462374241232,0,80.17277467261954,34.52302860752596,0,804.452161222447,686.161145493538
199.0089016624546,109.57292187365017,34.79058707714139,143.2560692711631,0,177.3019197832302,172.57386869994878,1080.6244266751007
205.40952458824935,205.68114497765703,27.280283911865112,244.4494886198091,37.47647279937585,0,66.6481236929602,508.29172759832744
181.30156187301648,134.73507241093037,133.49108527040403,461.2463530320371,0,215.71614063988375,295.48925604877724,799.1061184005745
187.63013420440717,193.93279606425364,88.79315198749396,74.60609022621732,47.68478654205191,120.49676410332586,211.13528947529701,746.0466556400789
200.06193802288269,204.97638020103145,17.50368808954258,272.9951767582246,55.13616921451927,283.2339284763955,93.84454009924012,1153.7177794680297
181.8678464832311,175.9810100450947,127.51703020810898,173.32649098600882,0,530.3764666539297,161.5747275735739,2573.430109924427
230.5061132046313,177.433841564559,53.438387112617214,335.06773682198497,0,201.58016318947816,259.77719814502643,896.9473662903547
187.04128841286308,149.6000799304369,76.81039653497285,221.62792834121535,0,574.5210663199916,171.10128566682818,167.62365842139133
210.5401431756139,143.20262802564048,56.90857029993292,235.07942298218398,0,536.4420635633433,271.0945790840278,1538.1301539044878
228.90417653594983,163.29244288131147,158.5188555527961,226.9438479673355,0,475.23462216045925,503.71907842361304,1126.7751294995078
205.182987272624,181.4765150514077,40.79735642918496,239.32174695977926,0,482.6951655777765,141.99220881737023,0
236.64895193063785,130.2501845899614,59.43259826103529,146.6486706492708,0,194.69658545627684,0,482.12165438982174
178.7434791822462,144.79832848279332,68.80707536152337,334.803203467742,101.32797385415603,268.4558947910447,389.6260423664894,1555.6802293289497
236.77208065101635,169.59743029846288,94.44107995486789,68.4540422455003,132.34875626957097,44.71633883390369,166.9232387782012,761.0599299959326
239.34859130114867,174.0580040745,85.80580597202092,174.5980172556681,25.751640031873443,0,199.31786780504933,1000.6883368103493
193.1242255910181,190.1385271646921,9.390080021602607,185.09277487422955,60.10588510413923,573.3860386899099,332.1160656656034,0
251.03269539426543,188.69452137065946,54.71026476221573,217.99985999049838,25.870633931889948,119.10532349794055,91.58994250339074,2272.3642462917387
246.30579254065785,98.05050058353548,58.889551107309494,279.02198355221117,0,50.91241965577051,201.89722638828437,2177.7932255396413
203.01609633757434,102.2448052429796,27.172443966828553,184.22064607519644,0,423.78464132204624,0,431.9092271357182
208.8642253799881,133.47768678953622,0,128.26595031845844,53.90015923242866,400.81207579306636,339.2543168941918,1635.38175923147
237.957045944399,161.58627200466196,0,378.93425077269035,147.8369889754863,60.12476409594918,0,773.3976683378781
249.30474258782994,161.95280342827877,19.866833619055818,280.63624344577767,0,463.31517877354884,638.0096079330111,2445.8027979216263
247.4692869103238,175.34528481801365,77.10370940002227,135.25599587155375,91.29963425990266,655.2716294981344,568.1572321686492,73.0297077227545
205.64445718075802,179.33578149516003,73.04463363005397,211.2769989205336,143.67501447057418,436.2590391853775,0,1132.1474561471703
200.82717877934772,120.3268169903924,49.0397054335488,460.4228939256066,51.319508655632056,369.11630858779006,62.86091983479945,438.5212735853562
220.31989833234502,157.51590896095263,22.44608542361391,269.5169238109546,163.86245410689233,539.3072020535943,340.23912443335195,616.7503364984557
235.61213951455034,200.30144620139478,86.05386781204406,186.15384708488693,115.38789082598734,348.15826464288443,143.15809046431335,1102.9700215171033
222.18827023332702,185.79667830106484,40.11629830801769,152.3758614909243,21.550790231512345,744.2334477613105,218.70492672990224,1417.1078946527305
192.33800965417808,214.7568198233477,57.830669063345454,185.7900290889916,66.28510960171809,0,290.2002045363797,900.3201116131916
237.10873510614988,171.54152061918384,114.17990539568268,156.08182000355552,43.7183302322354,138.90218328410143,241.8644170364111,56.86099105311107
193.04238275810565,121.09330732036207,55.17472832214954,233.16954662741406,0,34.38408988490313,360.2208382696008,1299.0167123971378
236.6353191991475,138.6736771529657,34.398185810966865,359.0015226225322,96.9423782234497,173.21446123098627,700.3011464052363,1433.4527271138045
187.89556850515578,168.13643969626202,17.03554872632819,140.84768492948385,0,0,0,1558.8793860717847
212.9719242531544,119.74886395810933,69.94293044113031,307.8917152766979,0,524.5441472939107,359.47888997960735,528.8309300879805
223.49634688080266,146.35850176942205,0,92.58807502408757,24.23908407727461,0,279.04548502985546,1187.714102083261
227.95117191343633,169.1484165558104,59.86201900666546,34.09837775241219,82.59606838927347,76.95646376405105,123.15567647871876,529.4723451071611
236.13136237446545,74.95796705269865,39.186820839984975,140.7192940744545,0,589.6926554161887,276.1044719438781,2137.2622496372046
229.3204906816107,128.01119557655323,18.95847040189495,181.97920536317048,125.0520590354305,89.05201875660697,473.75229307191677,1816.9013075112848
216.61373722247578,171.07860070198203,66.22132420216607,211.51151374436978,0,114.54595852756326,176.94537489927785,2657.556485882669
234.59115292382165,186.25860775367508,102.1102263431524,351.6616763638756,69.76105811014813,125.41174512937606,15.16899876498239,1391.7767546876091
206.40187427630656,177.99599709921122,82.62164157606946,251.06303003618874,158.95922909266972,110.3276594241119,0,1198.5019086408533
217.57493956736465,132.65770668367605,31.298006660411293,118.81044620209961,121.86796198047176,354.51422299945284,0,1664.5537006955667
285.5692283280308,129.2014454553996,31.91625602631396,133.41544093158075,106.7063903013603,0,107.13489111733372,375.4055158945633
196.88851964960844,82.26769475186772,45.48172113896256,509.7865366216472,125.4856221429167,206.39396748875265,416.71374259836284,1214.3789445682512
217.33951854903054,145.50655890612157,23.91384355237573,204.05625813359038,0,104.9530824138908,320.37149511078036,1460.4936309139093
204.62935868271998,120.77535375848093,54.29209282425553,346.85848398493636,0,156.36340224159835,251.64225329182963,617.3412540820354
241.828749544013,137.71610758364545,38.27885208913557,267.9894589620577,30.987351770057728,432.640419546709,318.3594668471392,538.166571212078
202.35470189689346,189.64062397932312,20.788962746995956,109.61241969220052,243.95591793328754,927.9744647061073,213.956786340924,908.3079603836686
198.80137792806767,135.74671520447214,45.92612775379062,226.63072018126778,0,126.27947467944378,246.99635487101287,1729.428804576962
201.41467091657276,111.65392650042602,16.912638692441092,53.86852562135398,109.48777271491679,0,190.47003404755347,694.4249658667561
202.54870330791599,192.42605271060305,31.51484041857381,333.355102351382,86.31183711744691,388.2974441674239,200.97765213875647,941.2461830542227
221.44452381650063,155.13061315339434,65.6462800556684,261.54038452892314,159.938254344374,212.4381547428702,333.50909158221805,1891.8487356479475
195.0572237653143,147.51815768887937,12.233082198704697,65.44262934631774,169.13339408389504,995.5957069197826,99.83108946573546,829.6233800195608
274.91170761665956,126.42322094307474,37.474829515523965,101.96861372611619,0,0,115.7921709389136,313.3901632263527
230.6400480950603,143.35838929653252,49.87353559879199,78.94384800267541,0,573.7742624770739,460.44340149198194,329.3652899054861
207.4201459946761,123.04014273235917,31.870727618386617,270.6178430256193,108.7671767333589,44.30998283921343,109.68059007475475,1784.540439796805
189.93918054315242,154.79079504736825,0,92.20943480975566,66.53237908377042,410.7551789825171,130.1952266164663,779.9633789202246
253.33093827964262,178.749899210727,0,124.33499328476316,63.2711572032746,498.15321509446323,181.7099426114677,1050.7901071968956
206.26048868294285,173.2971437847737,41.91076434861546,250.6622886972423,0,352.1604501924145,715.0487689223994,497.24298650058245
193.83203469455023,194.80845615460098,37.37592173817138,202.9713455851592,66.02063766283626,608.4267542228827,180.57775360614045,587.2243766459034
243.29017833937306,128.40134401073072,55.44066984656705,447.9085083363883,73.99653252624147,626.186663726959,208.81261098867623,1815.75919761471
195.25855149284928,194.37253994588463,47.842355196021536,129.4068292009925,0,67.08230680149273,0,2713.8130694824895
147.15558932185803,151.34428056179635,23.405844789206615,230.75538292065073,0,674.3496527156593,265.71512298557604,950.8693922939007
239.50899121188735,130.93221340014125,111.24743220203501,224.905294164959,0,0,563.247171670659,847.9050931579102
206.9863134635043,190.1574242414902,111.15379196735384,166.27433616964566,43.43956461496226,358.4264671336426,198.02701629879175,1398.7816446702805
224.817506675377,145.86274226941038,63.03010064298407,223.00742831570855,44.11538453337382,0,642.1847476066358,96.53634330625414
189.28081103830667,177.07951217142764,19.553169483020675,436.4578444377822,72.18177946536828,317.68077105718055,386.6941423890289,1093.6259469244058
271.33467936520344,104.68492379641647,36.67248404107352,205.84860450380725,52.763093181468804,170.45320605549645,425.7968921450121,1270.6329186483117
208.39112741274076,179.4443191028727,98.97889663376625,432.5288575703967,104.83482225199597,407.02861788918284,267.2940705631123,469.90476729472465
193.76407468346306,163.4192219521447,35.35523605071673,243.2955187122632,21.591948563990105,849.151363847265,121.01138386164362,2474.6623350759382
207.7931100256894,131.8295873676373,75.51275693938155,155.15476598949977,51.83212224989689,343.9850354621866,86.14120411320154,692.3611147477186
234.82527324776777,127.93299824155646,47.993204083775424,304.94876209352157,59.39928428129157,377.304609551947,855.128011601618,1015.3611432311436
233.0585893656564,141.41881174372082,56.160724336706245,159.41098955186436,231.55321477274447,249.7302049809229,522.2147267847756,364.86264402735844
210.8546695028381,153.99603260838518,26.559738738163603,144.6264321509032,69.38515828990843,414.86139443202364,26.34905406825344,703.2158958550705
219.98655818190716,136.1625291092242,70.16650016236555,119.47656515307278,81.62687630427423,147.28944580562643,216.65933331309336,936.0134152281204
240.91268417007345,126.9312714475072,29.128828361789374,304.48750510579237,0,117.91648659895273,13.745892747743744,182.47848487887796
208.1307018076391,179.1129512505199,75.09749959483356,148.641826776853,35.31398313159399,0,257.38859268617597,743.3528189471087
228.9067377940547,124.68881233353193,70.99029775257401,26.31076351330458,70.5246006216562,0,226.7196265258655,1204.328537304546
213.66285178460956,94.2565147210684,96.71835098239669,54.412021354920775,53.52220905916562,340.045321384666,173.23390868480408,1194.4029556542914
238.65992067086566,202.84175184945795,42.17441890229186,354.8604775364158,0,461.7388298712035,294.0260186856819,1161.1557692148704
234.45791576806664,192.36869137943154,19.043482630423057,274.05567187469967,226.6787232617659,1277.360585588368,298.5109140372414,2310.7352366447694
199.6516529205598,137.76997676516595,79.05181908332918,310.71558580301087,69.47103063211647,173.56758313388644,0,1323.4036907767927
267.9546476796037,165.48509706069171,112.26287218170796,119.54311028105148,180.4454880077258,281.4861808413748,12.099900357296248,523.2179293435776
241.61085121454983,150.34387539091273,46.42662944481206,168.66345549443943,172.35259235825848,776.3001899367042,209.50646022792847,592.26441421236
202.65219367622294,129.9568118647004,18.352201853635894,241.6009756634757,0,631.4594998226988,341.71275499090285,1429.4845313271592
214.77342886593257,130.50555436580137,24.047901552242244,165.20713222157787,15.13813841312787,263.7434658557388,249.00217568782506,457.9241284605414
263.73072386061443,160.0957144736183,60.65840756224444,135.27425964001793,75.77601419800826,40.3184372004602,97.41454396725273,996.4528652531908
221.68437431532647,133.69291008805803,38.7805760712162,315.82791112165546,188.39513288858524,597.9113020675618,317.13751703457103,922.1299878280292
232.36393591049125,124.80875802064016,61.1257467887511,82.3937423333926,147.36493597597035,511.6090280697971,212.7133511808919,1348.671902154512
255.70694154021055,116.86079030374275,70.20029386320815,388.0824348116254,0,54.02712705278759,0,1351.1864081238512
222.76890411009896,140.3333920799251,92.39278668205935,337.65444925775284,0,549.4501763549831,269.34807195345024,855.6620574891908
210.11691230926198,143.0320675822284,73.71914689843571,159.71642307377797,0,0,297.0076901445514,1768.142457934565
219.0214202041244,196.54461145405267,51.55614114254424,68.85535238956882,114.19996747317205,505.33415691058656,93.37491629878939,1558.7507414666609
220.2841753889373,156.8293859032661,21.073692078224994,81.04102672528373,0,195.59911908190588,322.57339457090745,199.85889303375092
241.15643864640708,233.2059190119013,33.83014611240549,255.19279631983318,28.70404340581969,59.918844234316765,468.54665271782574,1502.3723999608687
223.73908212253664,201.3627026211595,29.247376911750298,354.28223224541244,65.03121139532244,75.73619115365338,210.05099356849863,826.4248542371799
243.4529529640345,143.584481663685,27.51950561442195,59.031051797781515,146.0323564250007,216.70919534007157,494.20995098609177,2208.37230270118
185.0531477850639,151.72245742331486,28.960774665823276,249.23599031725593,0,388.2357804205855,96.19878849795307,338.1085840890352
197.80984957567688,140.2985953258623,46.36644428116366,161.45865027928133,0,598.793349023716,134.89632156563485,838.7488881955146
242.90170142005738,73.78045341306101,74.7683024709919,289.0183639170653,76.65859816689922,116.10008661188017,438.23413652148963,386.83348094283804
194.0815969958618,146.0390019323729,76.8778630497828,453.62818931159006,31.285299041525768,502.8863547135966,228.8611768487245,821.998397827314
204.22724886629155,89.62221379555747,99.22462890567459,328.3917664565131,0,360.222093363637,519.5014252571211,1191.6252199979174
197.0963001372279,147.36887817659476,31.803138715760383,290.45192704402285,72.98652739921295,205.29223789727348,372.64739713734684,1464.3972480956295
239.32399440355346,129.19074088767792,82.774984697393,192.07055780684362,54.971041635007836,484.24785865703274,389.2074185596191,1262.9927943180066
227.9468365513123,125.67245521664007,61.66939498443893,120.57033848639918,0,0,282.4277328926378,1846.4472296508106
237.1901677596101,168.81610541670545,53.747447651922855,155.3407974788393,0,705.3193670026657,476.0194442629677,926.1990582504731
237.06545457429453,144.16672096639178,37.98439742347557,193.01987993302174,0,21.82623370291777,49.325387113091686,401.5488118904757
234.34408389597078,131.323302413358,38.273988956174755,119.3198973632565,0,286.52503976078117,65.45777431614162,1103.9773660024014
225.29186724004697,173.97568310531636,33.390254162269926,137.52978695977944,138.09192322901598,0,370.8832868693858,1580.7021187471444
230.2153229457098,100.0665346244287,26.061315465706656,240.98169302601917,0,221.8980962689485,108.54955038582165,380.9018481927001
175.1270002317643,110.7062946660968,34.34974204877537,212.75602827088127,0,137.72223424612412,180.75638319784252,1459.5964998111826
199.28040115755556,117.85407267378504,51.577945009543676,271.4952974668912,131.8018699474589,318.2124007138076,191.73055799632,723.6460172228999
222.67803913065774,156.75294421555674,10.181097522097787,228.8556041183395,0,0,317.6967963230426,748.1564664120015
248.40745894069994,155.28942041341034,66.53979590629855,216.34399051702593,179.10508006234272,630.7037715422787,255.2688568570058,17.49088076326639
217.542645301181,155.10966045896612,15.759279298244962,286.5341694923207,0,308.2413127728773,0,1175.1617506264015
247.0209205352335,114.55285286621735,94.90350706442777,265.9760716093284,61.12240451948817,200.27234947274323,61.06771496726479,832.2645433104798
241.83898498218502,128.58720390965348,0,48.72695788875074,26.716086713434724,0,419.17873624885084,575.6414898190227
